chr5q23	8771	6307	5009	5318	6853	3032	9359	5548	2462	2490	3321	2480	7251	6262	2496	6265	2491	193	538	8955	539	5007	2908
chr16q24	6617	8767	7126	801	3634	8054	3731	413	1702	8233	1696	4621	1683	3732	4116	1789	4613	4614	6615	5753	6620	1694	8587	1684	4620	6616	7651
chr8q24	5637	9922	9727	7810	8344	1771	728	7619	8244	4261	8020	1777	3225	7596	5448	6767	7464	5638	10469	1773	8095	7591	8035	9895	6345	6649	5908	7654	4262	1768	5139	5910	5639	3599	10448	6321	5912	5716	6983	5920	7519	7647	5142	235	1778	116	531	5140	7663	6349	6356	7978	7922	6993	1776	5909	5635	202	7763	7593	6963	8623	8392	7728	8089	5141	7742
chr13q11	6388	5281	1630	3073	5354	3895	3086
chr7p21	1978	3143	4187	1967	3139	7095	1925	8322	1972	1945	5071	717	1974	6561	1979	6309
chr10q23	4388	4384	3938	3120	5207	2061	1241	5311	2030	4391	6417	2982	2033	2975	2053	8611	2052	6464	7184	5419	7709	2028	7073	5195	1267	8196	2980	4383	7438	2058	2091	508
chr13q13	3026	3020	3905	3023	1631	6402	3025	3908	7161	3021	3022
chr10q21	2082	6427	5199	5194	5192	3161	2049	8567	1259	2081	3163	3162
chr1p13	6772	6106	2734	6025	2766	4761	6023	7253	2737	2774	4762	2773	3980	543	3099	6041	6022	4759	554	3100	3973	9135	6776	6100	4758	8622	5551	3979	9118	1010	2771	6097	8750	3974	4760	3975	3976	2735	6040	5552	921	4361	286	1011	94	2724	8572	8527	2780	1008	2733
chrxp21	6364	8721	5605	9234
chr4q12	5676	4971	7317	1167	6110	9586	739	366	3530	986	6071	4034	2185
chr6q13	958	2368	6714	2357	2438	2441
chr2p22	2674	998	5372	2679	448	2967	6994	6974	5373	4871	7971	8249	464	4367	4376	451	5412	2678	4371	2968	5403
chr18q23	6500	486	6498	3739	3130	4692	9323
chr8p11	701	3625	5634	7434	1019	5129	5127	227	6358	6710	1760	7369	959	6848	5124	5631	10535	5126	3794	5130
chr1p11	2889	6029	7191
chr9p12	2015	9310	1030	6371	3151	2022	3147
chr20p12	3865	7083	1112	1521	3387	3392	3386	3375	3867	7838	3384	3388	1114	7537
chr7p13	5726	9824	1985	4192	4191	4189	1982	1934	4190	8097	4193	215	1932	1991	3145	8372	1983	5065	9020	4188	5747	882	1993
chr4p16	6212	1061	10442	5544	7173	8144	7673	5811	4968	3489	7603	3330	2195	3488	5426	6981	2211	6802	6206	4970	1147	185	2886	7613	7611	3226	8075	7275	5701	526	6211	1059	3307	6205	5809	6788	199	3831	3832	6803	3490	6793	716	2205	8025	7859
chr8q22	8131	5595	7367	6337	5594	8270	5620	3852	6341	6342	5530	1757	5135	7097	5134	5613	8085	702	7407	1759	5614	8520	7934	5615	9082	6339	9031	1770	1762	6344	5612	3853	6338	3053
chr14q11	1410	1459	9261	9229	1462	1464	1456	1460	1468	3616	5675	1466	5670	8223	1479	8413	3607	9216	183	6431	6435	7131	3605	3615	5557	1463	3609	1427	1415	1457	1474	3606	1481	1414	6845	1189	10514	6436	1188	5558	1194	3617	1197	1476	9063	4195	6432
chryp11	3628	630
chr10q25	1269	8357	5197	2071	5609	6433	8765	4387	2984	5360	2976	5203	2074	7021	6416	5209	2042	2080	571	2079	5200	6437	8293	2078
chr11q	10066
chr4p14	3262	3098	864	6839	315	3097	2181	5695
chr15q26	4586	5697	7902	8524	4587	7222	4594	7827	7985	7787	4574	7115	4593	6545	6797	7879	641	7849	9149	8755	6565	7451	3792	7114	8061	7972	1734	4591	7956	4590
chr12q15	2323	3484	6478	5272	2318	4110	2320	4491	468	1421	906	3087	4492
chr4p12	6808	805	6943	4972	2182	205	4105
chr9q12	4275
chr2q22	814	7816	3101	2676
chr9q33	5160	4247	2003	5690	4241	2926	2931	2930	6574	5161	4253	5167	3201	1235	5158	6366	5163	5162	5164	7491	8133	5689
chr18p	1557
chr3q28	5929	7708	5650	10310	2552	2541	8348	6210	8729	6189	6192
chr12q14	2317	7722	6479	3199	8687	4490	4112	7267	4489	3192	7265	2321	1169	2291	3483	3481	7929	2887	3189	4111	7989	6555
chr2q36	6113	2664	317	3230	6127	4926	6812	4913	1009
chr9q22	4257	5153	8115	7796	7392	5718	6361	8264	3227	2001	1231	387	8313	5720	3474	2935	6359	5154	6353	3775	8602	2004	8565	8110	5714	7606	5572	6815	8778	2002	8234	8235	4238	1237	4050	6368	4255	4242	6370	931	8428
chr3p22	2572	4930	1174	5456	6926	6924	2579	7585	4932	2575	5410	7740	1216	824	7163	7164	345	2539	8306	299	6170	6122	7837	5457	1218
chrxq	
chr6p11	11	2394
chr12q24	5298	3166	1109	827	7802	2297	8056	2289	1119	8932	5705	9894	2313	7177	4499	2285	4064	2913	2306	750	3164	2275	2277	2350	2311	5300	7955	8560	4065	1102	2310	8084	1120	8640	4062	1115	4502	5365	4501	2309	6529	3165	2280	4155	7981	1106	4500	4527	416	3039	2283	8414	1335	3167	8017	2305	4063	1118	1166	7487	191	6596	8148	2345	2271	7635	7496	2348	3822	2314	4530	6965	1116	813	762	2276	4528	7948	2301	4497	1111	2315	2342	4503	4498	1103	1040	8180	6980	5310	7493	7413	2299	4529	7465	292	8394	8649	1156	8408	7628
chr2q32	2696	2867	2685	4135	841	6064	2641	8617	2868	4409	499	6066	7219	3564	3563	8564	2655	4419	4414	2640	6905	2637
chr4q35	5347	8150	6274	4989	3594	2197	6755	6278	5346	5348	2209	3505
chr3p14	4941	6203	6102	7696	6107	7319	4157	2587	4943	5316	8193	9154	6149	6140	4939	7113	6147	6197
chr22q	1327	1379
chr15q24	4579	5792	6971	7638	6481	542	911	6867	4199	7637	4563	6502	7626	9171	4566	7550	8092	7247	4196	4584	343	4596	619	4347	6589	4198	6524	4564	4581	1041
chr2p	4373	3260
chr13q31	3317	4534	4533	1627
chr19p13	1822	1835	160	3356	1815	6660	759	549	158	1808	1896	1889	1829	8643	3691	1905	1284	4694	7105	3916	789	4696	8738	9638	2940	5926	1855	9239	3178	1899	4725	1882	3799	7788	7629	3801	89	1291	1867	8570	6642	1022	1283	3357	1894	3919	7580	7633	723	3176	8984	1228	3797	1884	3707	3643	3631	1811	4703	3644	586	1892	3645	3498	4726	3633	4701	3492	3666	4699	692	1295	7632	3635	6614	1883	3180	3655	1081	491	3366	6611	3355	3653	546	7701	1229	5905	9350	1828	3602	6999	7014	3672	901	1080	3629	6613	7455	734	3671	3658	3667	3467	835	1287	1274	724	1158	6612	1879	1296	7093	3657	1862	7916	5911	1276	3394	7322	8121	6661	1288	2626	778	5834	7001	1816	584	3670	3491	8132	1812	290	3704	6667	733	3646	165	9129	8044	1891	6610	7631	287	5953	888	3798	1075	1813	694	1888	3652	9861	5883	3651	4693	544	1814	1823	4702	3496	850	3354	7738	3654	3497	4695	3603	3507	1825	3669	2858	1817	834	5954	7086	3509	1290	1826	575	1820	1268	6641	3358	1881	7736	3365	8260	1801	1866	9427	301	45	4700	8224	559	170	7604	8483	1901	8289	9095	3703	5913	8579	8489	8641	7720	7522	932	6662	8267	7033	7031	10444	9122	8669	8451	10236	7395	8410
chr12q22	3935	7225	4493	1605	2293	2292	8604	7999	4496	3040	3035	3037	7544
chr7p	1990	4181	4184
chr11q22	5233	796	4330	5232	2247	243	6494	8475	6486	4326	7559	6985	1047	5231	4328	5295	5406
chrxq28	1586	1134	721	8100	8071	1604	5114	8558	8484	3708	194	3710	8022	8592	8656	8118	727	726	5112	8468	6430	5847	5852	8837	7128	279	632	760	7969	8478	6813	9295	522	5113	3709	9471	5583	5115	3466	7721	1599	8116	1603	5582	521
chr16q22	1160	1660	5266	5812	3231	3311	635	1652	7153	5464	4628	9363	1127	4611	7927	1669	9137	1666	5672	7852	1658	4607	6595	4117	331	1647	9445	335	4118	5674	307	4630	1161	6769	7795	9141	3308	6741	3310	1653	751	3860	4631	1650	1662	8354	3859	5814	4629	6743	5813	8328	1672	1671	1670	6786	5673	10567	3861	6547	6726	6523	1643	4608	1675	8645	7986	8016	6604	8142
chr11q24	988	3010	5246	5247	2232	5248	8575	6930	5483	2231	6400	7863	5482	5279	8380
chr5q12	6281	5001	3962	3963	3186	311	1031	389	7942	5002	1032	656	3787	3185	2499	8580	5003	2500	3665
chr10p11	4228	2083	4230	3015	1272	5274	6970	2075	5189	8526	8616	8331	802	7917
chr5q21	4045	5010	7768	5401	2513	5005	5325	2493	2451	7028	7270	6271	5429	2492
chr14q21	6401	3327	594	6394	3614	1422	3957	1412	8158	1442	6397	6724	1419	4540	1480	1416	6393	8046	1418	1420
chrxq12	3743	9678	5101	10	615	6379
chr1p35	32	423	3700	3088	5828	2844	3447	2813	129	3449	6009	260	7347	2730	3701	2782	1146	7339	8850	2850	7952	4015	6008	2849	2738	3699	2812	4016	2840	2851	3017	3091	2741	992	4744	4017	8663	7437	3089
chr3p12	6094	981	2557
chr4q21	7124	3840	4451	2895	4437	7179	6163	4448	4433	2193	4976	7217	6838	6093	6145	4446	6091	2894	4463	6165	4450	4973	8639	4439	4449	907	6709	7691
chr10p15	8350	4004	8391	2077	5315	4002	2031	461	2069	609	5341	611	7245	608	2034	2073	574	4003	8745	6407	363
chr18q21	6601	7063	5381	4682	605	6591	4001	784	7098	4683	3959	944	4000	8550	4686	1565	9325	5376	7373	4684	2939	1173	4685
chr1p33	4751	2818	3202	2708	5766	8033	2718	5991	887	8301	9249	3880	5658
chr11q12	5974	5244	4033	3305	2237	198	5064	7441	5973	5238	6686	5242	7185	5241	4032	9425	6544	8324	6750	2221	1128	7882	8028	2227	6698	5626	6557	5239	5978	2230	8505	662	2238	7324	6691	2226	5220	6556	5979	5977	4030	2239	73	5240	5976	5215	5624	6687	3921	8083	8173
chr17q22	56	3059	6482	2114	7761	2111	7925	5486	3061	6485	2175
chr1p31	2794	1076	3363	5763	2770	2768	4022	4360	252	2750	6019	6018	2761	245	5471	4746	2755	9173	596	8621	6013	4750	5996	4356	6002	8840	4747	4358	9038	8806	2717	2769	10275	4352	6021	6017	843	5418	3847	319
chr10p13	6451	6725	7876	5395	562	5398	10140	6404	5396	5397	5188	261
chr14q13	1475	5284	6380	1469	5320	1472	1471	5351	1478	1196	3611	1467	8456	7817
chr2q24	6061	4213	5446	2683	8684	2611	4214	3212	8352
chr22q13	1401	3532	10092	1333	10283	10212	3540	3676	1367	1407	3928	7886	1390	1340	1406	1366	8968	7963	1342	1343	1396	1392	1324	1385	1352	795	8325	1409	1350	6707	1397	8290	119	1368	1370	1321	8426	257	8018	1328	1211	1361	4468	455	1400	1339	8642	7976	1404	1353	1337	1402	1398	1395	1374	1382	1355	3668	1341	1326	1391	1380	8758	1394	1377	435	1344	6573	1387	1365	6967	1331	1403	1362	1372	3531	1383	8370	1408	1399
chr15q11	300	655	4571	7645	4337	6911	4550	9054	5461	2529
chr1q43	2792	5423	2915	2787	2788	431	432	3747
chr19p	898	2621
chr3q24	7767	7333	6151	6166	6167
chr22q11	3539	1323	1306	211	4467	7914	9302	1308	1214	679	1213	1303	1307	1320	693	7919	3533	3534	7997	3538	8102	6862	1325	7527	1300	1322	1304	1317	10136	8074	1313	1318	1298	340	3536	7996	3927	1305	1302	1315	7980	1319	7983	8081	680	8399	1314	1299
chr7p11	5070	3838	10085	5474	3835
chr16q13	1656	1665	53	1089	3313	9181	1664	8959	6571	1651	1661	5805
chr1p22	2828	4351	4748	6024	3128	1265	2826	125	2800	622	8291	2825	618	5496	4353	6027	7261	4355	4756	7035	7036	4757	3123	896	558	9155	3122	3126	1264	2802	2775	6026	3127
chr12p	2339	1069	4484	4481
chr2q11	2602	6076	9128	10194	2657	5712	342	4893	2596	713	5729	8060	3066	715	4891	4143	806	4141	2653	2604
chr9p21	3152	5148	2996	1027	8271	1292	5820	4266	8312	4280	5578	8552	6351
chr4q33	452
chr2p11	6865	57	5730	3816	7094	6798	2635	3817	4885	6950	7890	3348	650	3815	349	8222	8052	5458	10065	2656	985	6132	5383	303	6792	6796
chr2q34	3228	2639	4403	2666
chr17q23	6765	4647	9257	6609	2136	8631	3064	2138	2141	2125	7823	155	3333	5472	2164	1056	4648	2108	2118	2140	9415	4205	6674	509	3060	2115	6975	4204	7349
chr14q23	1426	3453	3457	1439	2953	3398	7059	1432	3397	745	267	1428	4543	7801	732	3460	4541	3459	1429	4544	3458	736
chr5q33	8488	2512	8679	4059	2474	5015	6269	5559	5576	948	5016	5573	1039	6300	3215	6304	2472	6272	6282
chr6q27	495	8036	3637	2425	9091	730	3638	105	8723	2426	7982
chr3q26	4209	2537	8422	351	8993	2544	804	7061	4211	1002	6836	2538	7248	3095	6137	6133	6136	6130	4215	2516	7518	5488	9107	465	7138
chr10q11	8851	6395	7525	1273	5416	7136	7272	2041	6383	4396	9611	7717	4397	744	6396	8443	8638
chr5p12	5358	5357	2457	7101	3823	7103
chr1q21	6045	4827	5889	6103	3872	2746	4813	4826	5757	2707	7557	4836	4815	5885	2795	8559	4800	3782	7189	7449	4834	5891	4804	8730	934	6834	4835	10255	4810	2793	4837	4816	8253	8432	4833	4789	7911	8830	9401	8832	7995	7946	7805	4838	4840	7939	4764	4828	7938	5367	4803	9108	4786	4812	7187	8068	6104	5368	8146	3131	8833	8834	9512	6764	5755	8151	6074	7558	4841	249	4814	8135	3093	4784	3783	2810	4795	5797	5796	3784	4805	4839	4796	7548	5893	8568	6085	8449	8400	8594	2740	6078	4781	9439	4802	270	5887	4832	8774	4801	6116	5779	5751	7793	4829	6111	4831	5899	6079	4798
chr4q24	6221	4455	4456	4457	2188	4461	2190
chr7q31	28	7110	8752	12	6302	1172	3554	3770	83	8012	1962	718	3836	3487	3557	5563	4071	3545	8508	42	1957	8731	381
chr6p21	8908	8870	8899	548	8896	9201	281	8673	8898	8897	8894	8891	8864	1249	7936	2424	6489	8167	8458	2433	4298	8769	3281	8905	9662	8895	8883	2390	5671	8685	2423	3291	8862	8893	356	2419	8855	248	8904	8876	8880	179	5039	1247	8873	4301	4282	3293	2407	8910	9179	7120	10164	8239	3278	8540	8998	9901	8902	8911	4299	7865	8859	8885	8884	1256	2380	2427	5037	6308	4284	3289	5956	8886	9589	9616	10098	8892	3288	2379	3290	8901	2429	383	1250	8906	8889	5035	1253	8882	5041	4306	2432	3269	8868	8857	2418	4285	2376	4283	8907	8916	2428	9428	8909	8872	8865	10099	8903	7049	2430	9975	8878	10010	8858	8869	2385	8708	7758	5040	10156	3284	9771	3304	8860	8877	2442	2417	8810	3276	1248	8875	2381	8375	8522	547	9789	3287	2422	4290	4289	5033	560	3268	9872	8913	8367	251	3282	8887	9446	3277	4287	9957	9165	8521	1257	137	550	593
chr17q	8757	2167	4206	2110	2112
chr5q15	3920	6270	5470	2486	7379	7375
chr2q13	2605	5435	6857	3351	3353	5443	214	7877	6861	5445	2598	4892
chr1q23	8163	4785	6114	3116	5756	4765	3808	7180	6034	4788	3004	5759	8779	4782	4130	4770	8274	2822	4768	5760	2799	4778	5384	4821
chr6q23	4102	253	6291	899	5048	2410	2414	151	268	8772	306	4103	2405	5049	8796	900	2880	2372
chr11q14	5768	4314	5224	2240	2216	779	5228	4320	5323	2242	774	851	4319	7012	6526
chr5p14	2447	2453
chr5q31	743	3766	2464	5012	2455	2498	7778	3001	5415	1222	5728	5764	5560	357	7046	3892	5013	3767	6945	3027	3028	8447	2506	6942	7058	6852	6960	2466	2471	936	2456	3755	5029	212	3768	3765	2497	3855	3003	2448	2461	352	663	5027	8038	5765	3854	6301	5414	2502	6287	6288	3029	8532	5575	7423	2463	8228	9156	7598	2507	923	707	2465	7990	3769	6289	9164	3002	5011	5549	5028
chr2p24	4366	4406	4879	9189	2902	2610	897	2600	2677	7221	3991	651	3257	3213	996	10132	4869	3992	6068	232	3256	4886	7941	4133	2662
chr9p11	6346	2025	4277	8172	4268	2023
chr4q26	764	4979	6988	6222	854	5297	10363	7303
chr1q25	4790	471	2751	3076	2752	5661	3997	3005	4129	2834	4128	2732	2716	9899	6042	2756	826	5428	4131	4777	4792	4127	3075	2759	8800	460	2832	6887	8147	369	4791
chrxq11	3726	5088	5602
chr5q14	3888	2481	5385	5437	5440	6277	3478	7192	5390	5389	10554	7481	6280	2478	473	8157	4996	7040	6256	6267	5391	3778
chr4q28	5327	6234	5331	5303	5439	2191	6232	4441	5330	5438	5302
chr1q42	4855	430	7204	134	4842	2914	4860	4852	4124	7777	5493	4859	4856	4122	7945	4121	4864	7285	4854	1177	6717	2783	853	6069	6721	4857	933	4863	7935	4846	6051	664	4119	4862	8298	2744	4850	4125	480	2786	8360	7236	4825	5491	4844	3829	6052	7755
chr6p25	4295	5431	2434	2435	5024	2437	9248	8276	2361	3297	4296	3299	3294	231	6955	4288	4293	4297	3274
chr13q34	649	3647	4537	5276	5455	8113	8107	3420	3421	3316	8117	8625	5277	3419	6814
chr8q12	1769	7022	4322	1790	312	7765	124	7616	4324	6675	8735	875	8088
chr4q22	6778	4460	4434	2189	6951	6073	4977	6150	4464	6072	8225	6780
chr7q22	8430	5915	1966	9418	10158	5073	811	1952	5074	5900	3526	1926	1970	6704	5907	1922	8471	9259	8499	5903	7649	9145	6889	1921	6317	848	59	1959	3085	1914	7111	3548	5924	1171	9144	3552	1912	4073	5916	4074	604	110	7530	5076	3549	872	6519	5906	8486	8529	8671
chr6p23	3300	8207	2388	3302	3303	4309	103	9544	133	3271	5023
chr8p21	1792	5120	1793	5117	5122	3047	3044	5123	3958	8513	3050	7023	9240	1753	5119	1784	5118	1779	1791	8585	1781	7220	6703	3049	9422	3046	1783	6747	121	5121	1751	3649	8188
chr5q35	7368	2511	269	6909	3471	337	2470	2475	2514	7889	4009	5036	2510	754	8917	8609	5031	3115	6831	5921	407	3756	5919	9133	5019	7743	6415	8467	3738	6306	6832	2505	6829	5021	5034	7462	6293	5918	8515	414	8003	5030	378	8439	2515	6822
chr13q32	4038	3314	1628	1085	5417	7355	1087	3319	3315	4040	353	4535
chr12q12	2278	4086	7891	8603	4471	6624	3193	3984	7781	3600	7132	7803	5312	2312	4509	4477	208	4476
chr3p24	3750	6131	3805	4927	3748	6174	1090	8584	7311	5307	4921	3751	6231	7313	1217	3627	6128	3749	837	6912	7808
chr7q33	3156	1980	1948	1927	8940
chr12p12	4473	2308	274	528	7871	2346	246	5333	4475	2354	7884	2347	4480	3939	2344	6423	2871	8982	417	3171	38	989	990	3450
chr9p23	9078	4271
chr7p14	6732	4179	10144	1941	7246	5574	1034	3138	6978	1964	1984	507	403	3142	6305	4178	3135	139	85
chr6q21	2402	3205	462	2395	4100	3833	150	376	1006	8427	4101	5538	924	6294	3661	3660	259	2409	458	8335	790	2400	2411
chryq11	1285	3717	607	8691	5502	9856	2547	7940
chr15q13	8726	6884	3971	3571	3567	4572	6559	8034	1744	6462	1743
chr3q22	10110	3585	2530	673	7335	1179	7862	2531	4393	6979	2523	412	8406	5580	2533	9263	6169	4952	2857	6800	6168	4955
chr6q15	2360	956	957	2389	6290	4078	8319
chr4q31	6252	6251	6249	7640	2202	2198	501	6242	3067	8675	6254	3068	6253	7042	7037	4987	4985	6936	2201	6916	2192
chr3q12	915	914	459	4946	2524	925	7271	2550	4421	530	316	5484
chr13q22	4163	8261	4039	64	2900	4171	63	1622	4532	4173
chr15q15	6784	920	3578	6537	3580	4333	3579	5655	7077	9233	9411	6785	6564	4335	4552	7273	1749	6570	4345	678	410	7129	4555	4554	7062	4332	7078	1736	624	1199	5800	1200
chr3p26	3967	5651	2520	3968	8374	5301	7410	2526	6935	3753	4912
chr17q12	7409	4691	3431	43	7461	640	5936	2160	3598	766	4639	457	2099	2147	3758	5793	1207	3361	186	7141	6539	8781	8037	10219
chr11p12	6472	4011	5321	7342
chr7p12	3837	5069	1943	5067	6297	7926
chr6q	
chrxq21	1619	8776	1000	3913	8275	3736	1618	5105	8966	6503	5104
chr19q13	3222	8920	1848	5945	10070	1842	8476	350	833	6823	1858	1878	10396	3434	668	3795	5869	6655	515	5825	7821	3423	1873	7223	3070	1856	4704	1863	3688	892	1804	1077	3429	1875	5878	4031	1818	8094	166	7597	1798	7043	3371	4716	518	1810	1903	1909	845	3650	1845	1802	7484	1164	1806	7669	7735	1153	3367	1050	144	4719	513	3696	1847	5824	1872	1904	1796	3428	7764	3918	1819	6959	3435	516	1038	5949	1277	1870	3426	6656	3604	2861	6634	1885	6635	7860	1874	4718	3422	1846	3697	1797	88	1824	3558	7659	1275	6986	1800	4732	3695	3754	1795	9226	9088	3368	894	3424	3254	7452	1890	1849	1165	511	1838	7503	1809	1048	1880	173	3436	1886	3439	1850	8947	184	1278	1821	172	6633	1868	1877	1805	4730	2086	4729	1843	1864	978	6984	3370	7887	4717	7624	7609	8482	6631	5872	1907	660	7483	1853	972	9413	844	3369	514	5876	1148	8369	3917	3372	1887	1859	5934	1844	1897	3693	4705	3648	93	3690	3071	5932	517	3689	2085	1898	1830	808	4720	761	3527	8433	6638	8936	8578	3074	5819	8123	6605	3728	5821	5822	10552	977	7047	8667	8125	3788	7870	10437	3711	5935	6991	974	8491	3729	6645	3266	8914	4728	8659	6787	8819	6636	8330	6629	8124	8618	8300	7602	8122	8321	8657	8403	7702	1906	3264	9378	9086	7026	7044	975	6533	8626	6628	9087	4733	8557	8915	8542	973	6630	5865	8397	8364	8504	5394	8573	8393	7667	4724	8581	7723	976	6657	7811	7704
chr16p12	4606	6954	1721	8286	6585	6546	1707	1700	842	5269	8977	1649	8480	8040	955	470	5265	1717	7516	3117	3999	1016	5660	8415	8509	1708	4604	1710	6826
chr1q32	4123	5794	7302	4867	6039	5798	2835	5450	2809	8384	2848	2808	5780	5795	2863	4819	5752	5492	4865	6050	8424	4858	433	4820	2862	2801	3113	6049	8680	7297	2842	2845	665	3902	928	840	5748	585	4866	2839	7446	6938	4822	7784	6118	8824	3998	8214	3904	7298	130	2765	7711	472	6031
chr8p23	5539	1788	7813	6318	1787	5111	893	7454	5490	5109	5110	1780	318	7027	5489	10555	7197
chrxq23	3411	8756	5724	7513
chr2p15	6932	2649	7186	2651	4368	7661	2689
chr18q12	5379	4028	4655	5517	360	4656	3960	5283	858	863	5378	1563	4026	4653	7122	2869
chr17p13	5816	753	4662	781	7612	7608	6917	5958	8423	6925	2132	37	2126	6902	6906	6586	339	7807	6654	756	49	3851	2169	2137	44	5960	3848	6647	92	3850	7621	964	6908	3825	8763	7873	3512	4664	6669	695	3597	3827	3899	2172	8583	6527	6900	561	2131	6646	2113	963	90	4659	7620	7599	2128	341	1053	7277	8240	7747	7276	4727	278	6650	7072	3595	7737	5961	5959	3828	2129	3332	689	8164	1182	6652	9228	7748	7615	3511	4665	6907	8442	6653	8001	9400	6651	2165	7280	787
chr14q	1433	8024	595	9196	1458
chr11p14	5377	2217	2268	3081	5212	6850	3592
chr1q	6032
chr9q32	2007	5156	7444	10229	2933	4235	5159	2925	4466	2916	8595	4239
chr20q12	1543	3240	1491	3234	3236	3235	2892	8754	7281
chr14q32	8031	4715	5608	6470	3477	8008	157	2957	5454	1451	6923	3417	3954	5611	8057	1140	6972	1465	6467	1132	6734	1445	1444	8396	7828	916	1438	1436	803	6447	7869	7639	1139	1453	1136	1435	8359	7913	1455	10371	347	3744	6442	1452	4548	4549	3418	1446
chr7p22	7329	5061	1937	5060	8637	10107	1033	6336	3146	1971	5057	6325	22	6329	10233	17	8665	1955	3133	8243	8257	4183	77	5062	1969	1954	7790	4194	1961	5709	4186	7569
chr5q	5000
chr21q21	4714	5509	5505	5600	5510	5508	10286	9668	5599
chr2p13	2706	6856	8477	6086	2630	6083	8514	4107	8930	2593	2633	4889	6067	8647	1065	5799	2632	3258	8927	580	482	2652	2627	2700	8528	6053	2597	4106	4888	2699	2625	4878	798
chr16q12	3069	6466	7497	971	4603	3312	5555	409	7514	3619	4610	1655	7733	1058	1648	1715	8411	666	1657
chr3p	6198
chr10q22	5591	3119	4394	8021	7657	6405	2051	1239	9982	5193	2048	489	5587	7130	6409	2040	5198	2088	9159	3160	5621	7084	9283	2046	8775	7144	7800	5629	6517	6480	5191	2089	4399	8849	5630	889	7477	8633	6426	5617	5589	310	6408	6877	6411
chr17p11	2139	740	1180	7081	4625	9072	7749	4624	2134	8280	5513	7534	2093	4627	3793	569	6515	4622	4623	4632	2130	7475	7509	742	7568	9423	2119	8229	164	3263	5526	4626	8551
chr15q22	4562	7845	4428	4577	4429	3584	6549	6820	783	6543	6807	1731	4338	1729	6810	4331	606	613	5628	7688	4430	4341	1150	620	4578	785	6460	2855	7291	4342	9904	4431	6475	6843	7292	272	5691	4560	791	4561	4573	4576	7694	7290
chr10q	5364
chr1q31	591	9089	4126	4818	8693	5324	3223	7282	927	4218	1142	2763	3903	2764
chr10q24	4382	479	9139	9275	2985	8347	6469	5495	5566	6487	6456	6488	2987	4389	9130	206	2063	2977	2035	7020	263	2062	2056	2059	2988	6463	6474	4385	8368	8701	5542	8652	2979	839	6476	2057	830	5607	5208	5285	8183	3157	5205	812	1238	5610	2055	5545	9068	2064	5204	838	6439	7250	7018	5543
chr13q14	10537	3182	1621	7653	1625	1624	4160	4170	7429	9776	8126	4525	1623	8269	3184	1638	1634	4176	4164	4167	1632	3019	4174	967	4168	5374	4526	4166	4175	3906	4159	4177	1633	7262	4162	3907	8938	1639	4158	4523	3183
chr11p	2264	881
chr14q12	8676	3608	8472	6385	3613	1192	1187	8720	1190
chr4q	7374	6229
chr1p34	2778	2728	2784	8600	6183	6214	3740	7541	4019	7065	7552	3879	706	1206	3413	4021	592	8844	4020	2736	3416	3475	7600	8846	2814	4741	4753	6005	7854	5664	3803	7773	8030	1026	5802	3878	4755	3882	3881	226	6766	2823	5710	6006	4018	2820	8246	1024	3476	7082	2819	3412	4754	4752	2785	149	2743	4738	6188	3415	8358	429	5807	428	355	7231	3414	7908	583	984	8492	5055	6184	8238	8237	2790	6215	5998
chr2q23	7545	3214	4149	5698	6723	8888	4900	8416	905
chr6q16	2398	200	7123	2365	10162	3207
chr16q21	5801	3309	704	1667	1659	8952	7782	4612	6473
chr9q13	8463	5151	8925	5818	4048	2909	4054	2026
chr15q25	6858	7592	4588	4595	6859	4592	8946	6501	4197	6840	7921	4589	7783	765	4569	6536	7443
chr18q22	800	7435	7674	3712
chr2q21	4221	946	3102	1079	2606	6080	4897	4225	4224	737	6896	6901	4898	2682	9060	4220	3103
chr3p25	159	9002	10165	8547	5659	4919	9761	4935	8203	6158	4928	4918	6126	6124	4934	7004	9003	817	3746	7511	3807	5515	7726	5516	710	3806	5652	6708	5653	3965	3306	6982	752	5511	9236	4920	3966	5512	3752
chr20p13	1092	1517	3383	8412	1518	1525	3376	1097	1091	1524	9316	1094	1534	3393	1095	3373	7076	3377	3869	3379	1110	1093	3382	3381	3390	1522	9568	8023	9319	1096
chr8q21	10560	1015	3944	6314	7456	6312	3942	1761	3943	5131	1756	6326	5535	6992	6749	1755	1772	5534	7391	828	1758	3174	1752	6313
chr4p15	427	33	2199	2885	2212	15	7563	2213	328	5338	2206	578	2204	2214	6715
chr12p11	5350	7308	3172	195	1070	4472	3940	1067	681	500	9057
chr9p13	4276	4269	6372	1028	4278	7414	1029	9222	699	5823	4267	3149	6348	6375	4265	6373	8737	4272	6376	2014	8660	6374	6782	5149
chr2q37	4915	8252	4137	576	1023	6740	4138	4722	4916	8677	836	6738	4136	637	2667	4914	3818	6739	6801	4134	3110	3663	2669	3819	2668	7234	4721	3820	6736	6070	6043	610	4132	2670	7472	9424	8847	7964
chr3q29	3937	5933	7254	7258	5400	809	7260	3109	4959	8119	7257	344	7471	2559	7695	6209	2911	7965	6141	6208	2912	741	4965	4958	503	8093
chr16p	1698	6548	7677
chr13q12	8227	3897	5356	3181	6390	3107	8345	3024	291	4172	1637	4508	266	3106	4505	4504	5355	5404	8140	3896	3909	3516	3105	5282	4507	7866	4165	6386	3108	5399	3894	10543	3893
chr3p21	2578	6157	2518	10292	242	7417	4960	6230	6735	6204	7512	6148	6196	1088	7627	7650	8266	98	6235	5898	6226	7501	7224	6223	112	2540	4933	6696	2551	7203	7561	5982	2583	6237	815	6179	6922	216	7216	2545	6201	9836	2570	6154	8178	9285	7553	6731	6173	8108	2567	167	6178	375	2571	7215	5897	9184	2590	4962	143	6722	1141	6728	142	6225	6239	868	823	4937	6729	7089	8629	638	7662	27	36	6199	627	5981	6695	9058	2568	7759	6200	7581	9532	6177	6155	2589	113	4961	6236	9158	10455	6895	4942	7932	9187	2548	138	7088	2542	4156	2573	7566	6176	8383	8156	8042	6224	7157	4945
chr1p12	7906	3978	922	1202	5554	557
chr4p11	2183
chr10q26	2043	2032	6434	8571	2070	5361	6414	2981	7332	1135	5290	3517	9106	8339	1240	645	8725	2067	5201	5202	8462	556	6410	2045	7378	3821	2036	7915	6429	4386	5337	238	8668	225
chr13q21	1640	4531	7589	1626	4161	2901
chr15q23	6880	6583	1730	4565	1735	6588	4427	5804	6471	4583	8717	4568	4432
chr2p21	4872	4874	6084	2693	2972	4873	4377	7002	3993	4380	7698	10245	1226	5342	2680	2960	7006	2690	2629	654	2697
chr19q12	1840	1839	1869	1841	1852	3427	6809
chr20p11	1486	5524	1551	3389	1529	5237	6937	1541	1542	8553	1487	3374	2449	3868	9379	1485	1108	9280	1527	1104	1100	3385	3679
chr5q22	7542	4046	6263	7151	7155	5008	597	8777	3618	6260	6261	4044	5402	5006	4047	364
chr4p13	6090	5353	6744	6156
chr8q23	5136	3014	3013	6328	380
chr19p12	1895	1900	1902	3177	535	8373	8355	8503	7794	5867	7140	1908	9230	6592
chr21q22	5837	8533	5850	10185	5601	8082	5853	5767	5857	5861	5770	5855	5843	5788	7855	4708	8985	5848	5863	5778	5681	5682	5683	5776	5790	8974	4709	5773	5775	10269	5854	8983	5858	5860	5787	9336	7903	5841	7912	5862	5846	4698	8096	5842	8184	4697	5864	7888	7898	7420	9267	9633	5785	8109	5604	8062	7229	8706	4710	5777	5771	5603	4713	5838	7842	5844	5839	8000	5840	7789	7199
chrxq25	999	3111	128	3218	3323	7944	1584	3359	3322
chr4q34	6273	6247	6733	6248	2203	6243	3591
chr11q23	5881	1230	6598	8139	5293	2250	8138	6599	8736	5884	5388	2249	5291	5292	7104	5245	4043	7474	4329	8279	5235	2224	5236	2245	6387	831	2859	5882	2270	820	4327	819	7208	2222	8879	5250	2261	2235	4042	5294	5251	8435	2248	377	6483	2219	1045
chr10p14	7745	577	5332	8210	3187	6953	6450	573	1036	4227	5328	209
chr9q34	1262	6869	2009	7436	4259	8496	5169	6890	8760	5866	7404	8143	5178	7008	8387	8842	4237	8431	3673	6996	6976	5172	8317	6579	8446	3343	2936	2008	6582	4249	7476	2019	7158	7741	3684	6577	8457	6424	5175	3464	2927	5769	8200	4245	2016	6367	4254	5177	5868	3342	5168	5179	8401	4232	5176	7498	2934	7797	3112	4256	8285	5182	1234	3465	4234	2928	5875	6419	3685	2923	2929	4251	1233	5170	8190	171	5856	2020	2932	5166	4258	8149	6420	2922	2021	5174	5173	6418	10511	8562	7425	5871	4240	10302	9448	4236	5870	3479	6578	6421	3341	3686	4246	5859	2921	8385	5181	7029	5874	6425
chr15q	1732	674
chr7q	10177	3664	1951	1919	1956
chr2q33	4417	23	5570	4405	782	8856	942	6059	527	7584	24	190	2654	2904	2592	4909	5569	2866	5571	2906	4907	2660	6138	2645	2647	5568	2636	5392	4910	240	8376	8502	2688	3515	10112	8569	2907	6129	8473	930	2701
chr8q	6363
chr22q12	1363	1378	3535	1349	7910	7930	1373	5817	7933	9220	1338	1358	8087	6572	7864	1351	1384	1393	7831	3925	1381	3926	8166	7962	1330	10155	1316	10189	7729	8189	3542	8990	1360	1311	1310	8615	7949	1309	1332	1369	1347	3541	10527	1348	3537
chr6p12	2393	8613	285	5362	1252	2387	8	1254	2386	4294	6987	8813	5685	1251	2392
chr7q21	109	3518	13	1916	6316	4068	39	1913	5667	58	82	4067	5746	5668	5669	7116	1911	6518	3524	3523	1920	8202	8960	1965	3519	41	799	792	8388
chr16q23	6538	1677	6508	1674	9753	564	1681	1676	4115	3862	8136	5465
chr11q25	5334	2223	6459	5336	6931	3009	5335
chr5q11	9661	621	6957	504	1227	5562	6255	2458	6268	5359	5413	612	333	1001
chr21q11	5504	540	5507	7703	8050	5547
chr11q13	3876	7174	2265	3877	9150	6693	7306	7370	7294	7312	6689	6995	5750	2241	5234	1074	7386	203	7850	7256	7318	2255	6664	7146	7780	7142	2236	7263	1017	505	7160	3952	7382	7134	2229	6697	5263	4312	7125	6688	297	987	3875	4315	7819	7228	5985	10503	7200	6701	748	3953	7299	8530	7388	5262	7145	7159	2267	6663	5260	6665	4316	5258	6658	7346	5229	6392	2263	201	7380	6690	3773	9278	7127	7209	3433	4313	9143	7389	7133	657	7252	7249	7230	6659	7175	7162	6506	10078	5230	7393	384	3922	6699	5227	6700	1066	5980	7305	7210	9279	6746	2233	7377	5264	7137	5259	7385	7384	2872	8648	7213	6504	7321	5625	5983	7279
chr9p	4273	4270
chr17q25	7953	7880	4671	4666	9244	3335	6870	4679	7397	7405	1131	6600	7601	8069	4636	9910	7017	4681	4678	7431	6670	7239	7428	4670	6876	6873	7822	8047	3914	6871	4673	4676	7016	3334	6939	6874	3844	6864	8058	8329	6671	3842	7724	7533	6866	8494	3338	7881	7830	4674	2173	8049	3339	3336	8076	8098	1055	7872	3620	6878	2122	6875	3622	5941	3621	7992	8211	4668	7875	3337	6672	6868	8288	2142	4672	7924	314	4667	6673	2174	3846	4677	7799	7411	1208	449	3843	4680
chr6q25	3007	396	5056	5052	2374	8027	8498	1012	2384	2997	2375	3000	9094	2383	867	6315	3008	277	3659	2373	5054	7756	7334
chr10p12	2066	847	2060	1242	1244	871	5184	5185	6406	6449	1271	8104	1243
chr7q36	7003	10307	6330	443	1936	9110	1981	3930	8381	3929	7625	8160	1935	450	5081	5080	187	5665	1968	5531	8006	9237	1989	6333	126	1938	3463	8425	6919	7754	7746	8407	8405	8937	8531
chrxp11	859	7806	7895	5086	1587	5092	7024	8090	9318	5098	7829	7958	1612	648	671	9637	3641	646	647	8343	1219	1044	1591	7630	1614	5498	8201	8217	5094	8389	642	1607	7165	1594	1588	398	1597	10251	7856	1615	1606	970	1596	218	581	746	1582	643	3452	1611	625	7966	5743	8250	1609	10384	3267	210	5721	1581	5091	9429	5093	10490	8658
chr9q21	4055	4053	4052	5586	5564	5152	8867	6355	7700	5590	8378	3473	6360	1266	4057	8292	8748	1138	8454	2005	8598	960
chrxp22	7809	6817	16	5273	7233	7232	3692	3451	7586	7259	176	3642	5082	362	7798	3786	636	358	6365	1073	7814	1574	1043	6606	3175	7947	1578	1590	10041	7495	3640	373	1595	5085	5083	6818	1602	6885	1572	8409	374	9286	66
chr1p32	2876	2815	4023	5990	5988	7975	5485	3169	5662	2748	1020	2711	6001	7524	3090	8733	3506	2720	6015	590	874	6014	2852	1157	5992	983	3741	4025	2817	1025	2789	3170	2713	2760	5666	3203	703	6016	474	2853	4774	5993	4024	5989
chr12q21	711	7668	3510	3936	8694	6842	6440	7398	8194	7507	731	7207	4495	8187
chr8p12	7993	1782	3043	8241	856	7143	8519	697	5128	1786	6759	10056	3951
chr11q11	5216	7226	5984	4712	4029
chr12q23	3042	3038	7289	8929	5309	5308	8065	3041	4152	3150	115	7687	2336	8421	794	2273	4154	2307	2351	236	9376	1105	4151	8654	4061	3036
chrxq13	5103	6369	6377	947	5089	1122	5102	873	1162	8382	5097	5099	3011	1600	1613	7744	8606	3735	5090	5100	5096	8204	7766	1616	5095
chr1p36	1263	7529	3448	2811	7365	2847	8574	5830	9348	7400	7418	463	8881	7206	3772	8759	6004	2837	6012	3891	5827	5702	6010	7060	852	3715	3680	9426	6846	708	154	7045	10168	3472	469	8525	10296	5826	102	2709	2027	104	4735	793	788	2726	7067	2841	323	3890	6	2806	870	7713	7769	2804	8517	391	8263	8590	2805	8727	3495	2721	2807	8219	669	3493	2715	2757	434	816	8245	5997	4809	3216	3698	6863	153	6003	2753	6056	2758	5487	8544	2710	10223	7478	108	9389	4745	5663	8314	5995	3776	6888	5704	2727	5706	4736	4737	2725	492	7048	962	8336	2762	4749	629	6897	2897	7683	7617	5707	4734	4739	2722	9332	229	6011	880	2796	5999	7050	9339	1137	10207	567	7052	2749	3915	5831	2836	3052	152	346	7928	8853	5703	5832	3714	3051	1159	392	385	2719	2772	7994	8933	8852	3396
chr2p23	5711	4378	4379	2962	4381	2614	5699	2613	997	4364	4362	4365	995	9174	204	2612	993	2615	6172	2620	9176	4374	7011	6171	4375	2618	2961	4416	6175	2966	10287
chr2q31	5497	4903	8277	3561	729	8871	846	4411	884	3562	6096	3565	3566	2616	1175	4418	4902	9100	7107	4407	3211	3560	2905	2702	5382	4905	2704	545	4410	5287	7684	9431	4901	8199	7154	4408	25	8674	8549	2691
chr3p13	5447	7330	4938
chr2q	3514	222	4404	2686	5468
chrxq27	1585	1598	1593	145	6997
chr3p11	7614	7343
chr17q21	2155	3804	3762	3058	5525	3764	3761	510	9522	5791	5781	298	1054	3443	175	3320	6761	617	4200	2121	7689	7951	1220	2120	7240	7170	2144	4634	628	2161	2162	7242	2153	3065	2102	8013	7690	4645	6678	7867	283	8181	6752	2992	7848	2991	7241	2990	7579	2116	8153	2158	5947	71	8185	2098	2152	5774	2156	7266	4208	8283	950	6719	10081	10271	156	4202	775	4688	4635	2148	6575	5937	2117	2154	3760	2104	2150	2106	3759	8919	4201	8741	4641	4640	3063	768	5784	19	6584	111	3062	6762	9113	7588	8561	9912	1185	6677	6760	3779	4637	3780	3757	320	5783	2103	162	2157	3763	3442	2109	213	8705	2097
chr13q33	4536	1086	1629	5317	3318	7288
chr11p15	5211	6493	3812	3946	4707	7547	5210	2262	2259	7531	2260	7538	3626	3587	8703	2856	8129	7480	7648	7987	3593	2244	7489	7885	3814	2246	2269	7315	2215	8106	6495	8957	8070	8208	3996	7521	3947	9238	8964	684	2266	168	7528	7532	8045	3588	8077	7325	1294	7488	7549	2243	239	6507	7523	3948	6602	6541	8041	4706	7515	6492	7623	3662	3945	6496	7492	8192	6510	7482	7371	6497	3802	3813	6505	6603	780	9241	7973	6514	9961	7485	6512	62
chr1p21	6028	7112	10095	3124	890	4763	541	2830	250	5644	2731	3125	2831	8112	5645	6030	2838	3977
chr3q25	5930	7327	6153	2574	4953	6135	6790	659	8155	886	772	5407	2896	9718	685	2582	954	7323	5366	3033	7770	2584	6152	8402
chr3q13	4949	6903	4951	2564	3079	2554	2519	6143	2561	8453	4422	8762	7295	7194	7556	951	6142	7692	2555	6119	7453	6108	7504	4947	566	4423	4948	411	3078	5340	4950	4936	757	4420	7430	6125	2558	9000	7974
chr5p13	10205	943	945	5409	5408	5434	941	2482	6770	6258	6259	2495	969	7039	2487	6279	4993	4994	2483	2485	2504	940
chr14q22	288	3328	688	1417	1064	1423	1425	1424	1434	8591	690	7607	4539	3796	8490	3455	1062	1440	6399	1437	7675	8634	436	1430	8670	8080	6438
chr9p22	4279	8682	7069	6350	6347	7406
chr4q27	6245	4440	3219	6244	481	4742	4984
chr2p25	4848	5345	7833	4870	7725	4369	6806	2672	2910	2675	2673	4868	6060	7075	7074	7070	308	2671	5322	722	289	7071	3990
chr6p24	4310	1258	106	2359	8699	2440	3296	9077	3298	3295	2358	10061
chr1p	3981	6849	4357	2843	7899
chr2q12	5436	5732	4147	5553	4145	6879	714	4146	3559	712	2658	5441	8461	6081	4144	2644	2665
chr8q13	602	9210	3055	1750	1763	5500	603	4570	8953	3057	5133	10354	338	5499	5132	614	7338	8948
chr2p16	6966	2619	2971	6065	4875	2638	2703	1018	2642	9417	658	4876	4370	652	2648	953
chr12q	2333	7019	4096	2324	5405	3989	3988	4060	4066
chr4q25	4980	4435	7314	4458	47	4982	5528	7309	7571	4444	3220	4454	10452	2194	4462	4981
chr20q13	1550	8459	1498	3243	1520	3239	1072	5735	1513	3885	8366	1510	234	5257	7100	1203	3245	1500	10305	3251	1512	1503	1548	3	1515	1516	1068	1507	8839	5255	1492	490	3238	8838	1499	6774	1505	1508	8395	3246	1501	3884	7056	262	3675	3886	3346	8577	1509	9785	5738	7977	3247	8539	3248	3681	7057	1071	1504	7109	1502	7337	10322	8636	3237	5256	6560	228	8501	7080	3244	6763
chr5q34	445	2993	321	6299	949	330	6958	2994
chr17q24	5942	8444	4644	8174	4643	6532	5940	2989	7543	8635	161	3713	7351	5943	8510	2107	2163	2171	698
chr2q14	4223	4219	3352	3349	776	3350	6082	818	5556	2617	1078	9630	4222	7202	2603	4890
chr7q35	8507	293	9109	1014	8296	1975	6332	8537	442	5567	6331	939	6921	8485
chr5q13	390	6266	5004	4005	2468	7051	6285	399	2467	2460	3961	10436	4995	3104	400	5424	4997	7054	1004	7090	8971	7091	8970	961	6283
chr19q	1854
chr5q32	7517	2477	2508	3941	324	700	3030	1168	5017	2476
chr20q11	1544	7030	7041	6530	8511	5254	1532	1495	877	3407	1540	5252	3723	9243	3883	1547	918	3403	1537	1082	1546	1483	1526	3401	878	1531	1535	8683	1493	10293	3682	1084	255	3408	1530	9917	1545	1539	3402	917	10313	3722	9745	7013	1494	902	1497	2893	1528	879	1083	1484	8605	3724
chr6q24	5051	3719	5046	447	2416	2879	7	415	8170	2998	4099	2377	2413	2415	2878	3718	8702	6898	5050	4104	6295	3720	5421
chr5p15	520	5479	8053	271	6286	5288	5430	2450	397	2454	7679	5480	3253	6250	4990	3924	7025	5286	3252	4991	322	767	2489	4992	720	453	334	7218
chr1q22	4766	4808	2742	2864	4767	8696	5737	5740	5739	5736	5741	8724	3870	7618	5886	2745	6134	3871	6112	5761	3340	6036	6098	6035	4787	4807	5895	4776	4779	6099	5708	5896	3874	4775	6115	5890	4783	6037	6101
chr6q26	2421	3114	2420
chr6p22	2401	2444	3270	265	8159	2406	5026	9194	6742	371	2396	2378	4291	7705	8455	8448	8646	9834	8365	5727	8534	8356	3272	8318	8516	8588	8672	3301	7099	3292	4300	4304	8921
chr11q21	6791	7861	6452	5226	6457	5225	849	8390	6453	7716
chr1q41	7853	6044	4853	4824	4216	4843	631	4794	4851	4861	4823	2777	9340
chr15q14	3970	1740	5648	3972	8128	6562	3791	7363	9317	6458	4344	3577	3969	4336	1746	1748	4340	1201	3543	1745	6552	1737	6465	8619
chr8q11	7582	6973	6323	3054	4321	6730	10540	8309	8231	6824
chr1q24	2821	4771	5	7066	1225	2712	4772	8596	825	8597	4769	2833	5369	2714	8710	4	9090	4793	2829
chr4q23	8586	327	6218	6219	4459	6217	4442	4975
chrxq26	3623	6381	5618	5616	233	6422	1610	832	1579	5622	5108	4013	8689	5632	8295	7198
chr3q23	5579	7979	370	5723	7345	3034	8265	2532	7772	7340	2534	221	2535
chr3p23	496	6121	7868	4929	5306	2585	7836	7211
chr12q13	1223	8419	4521	3986	3190	8327	7551	3188	6968	2287	4084	822	4091	4518	4515	7574	181	1224	3195	4092	2322	2316	4094	506	7358	7356	7354	7278	563	587	4085	7578	512	3985	4087	5584	256	2286	4088	4089	5952	4516	2272	406	405	4517	4488	3196	6567	6568	8236	4113	326	7832	1205	3191	7991	4510	7815	4511	4098	6952	8500	3194	8610	8958	2288	7665	2319	5951	821	6625	7776	8566	8464	891	2281	588	3197	8072	8470	8066	6553	3987	4093	3485	6550	6621	4522
chr9q31	6352	10197	2937	4252	600	1998	2920	2919	683	4231	4244	686	2917	687	4243	2006	4248	10178	1232	2000	4233	5157	5155
chr2p12	5459	6775	21	7092	2650	393	6851	5460	4108	4881	2888	10083
chr1q44	5444	7641	4847	8822	4845	7348	6046	8398	7646	6033	7009	7010
chr7q34	3934	3931	5693	1950	3486	3154	5084	3932	1145	478	5696	1939	8420	9062	1931	1930	5079
chr2q35	6123	8766	4402	3229	4923	523	8232	5649	2643	8209	6117	4924	9215	4911	738	885	5745	2663
chr6q14	2391	5623	5619	2873	2874	61	5042	8091	4081	4075	188	5043	2973	8836	4077	2446	2436
chr16p13	7874	5969	6705	8105	1678	1722	1714	10426	99	1126	5966	3923	623	7394	7843	5432	5967	4605	3504	1691	1705	1713	101	55	705	10228	7791	1712	9218	6682	7390	7681	5453	476	3500	3445	1155	1703	525	1692	1679	1711	8213	117	6679	65	6540	8326	97	4465	1695	1641	8145	1682	1037	777	1685	758	4618	1688	5452	1724	1689	7950	5657	552	1245	6706	5970	4602	4619	7967	100	118	3501	4599	5962	87	1154	4615	8992	633	4617	96	8704	551	8055	1701	5965	6683	1697	5968	7931	1449	1149	3774	599	76	3444	1687	5433	1699	2898	477	8215	3503	3502	3118	1704	146	1013	75	4616	6680	5972
chr18q11	5722	2870	4006	4658	4008	4657	4007	1566	4660	1567	1568	634	4661	6576	4649	4650
chr3q27	2577	9251	466	2521	2586	475	1152	5928	4967	4966	2556	771	2581	4957	7719	860	7000	4210	7353	2576	7350	6194	6195	773	6190	6162	5647	6186	3094
chr7q11	132	1992	1987	1170	857	9814	10254	14	80	48	9631	8379	5068	3521	3520	5506	395	60	3440	3522	3589	1994	4069	6886	8743	7287	719	6904	8371	8481	8607	7176	5072	8272	6520
chr3q21	2565	7526	304	217	7918	7376	5835	5810	6872	7771	6181	4964	3830	5523	5463	8009	7235	6816	6193	7193	2527	3586	763	2569	5715	4954	7188	2528	6159	565	2563	31	2566	8999	7149	10501	6191	7401	3077	467	2562	7304	2560	8479	6182
chr16p11	4601	6748	1282	7894	6860	8111	4600	6828	1644	5268	5267	1279	1121	1646	7328	895	1645	1719	1723	7473	5643	5641	1716	1726	8268	7666	1281	7564	1997	8541	909	1720	9169	9177	5270	6830	1163	7605	6608	1143	7676	1642	6607	9693	5640	6893	6892	6894
chr12p13	86	7595	7055	7064	372	865	2340	3016	140	2332	2303	2328	2274	670	4479	2330	2302	487	5304	9294	9203	136	3639	2338	952	4469	34	582	2295	4470	2326	2343	10468	196	2331	2294	5305	148	20	2325	4478	1133	7068	2296	9303	2349	8582	9786	2300	485	2337	247	4482	616	2335	866	2334	488
chr7p15	807	169	5646	7693	8297	6827	6310	1942	5063	3141	1944	1947	4180	5466	3137	1929	4185	709	4182	1035	1923	1940	8441	6298	1918	7685
chr3q11	6844	2522	4392	7590	2546	6240
chr6q22	2881	2363	275	5045	5047	2362	6745	1215	2369	254	8342	8465	2366	8536	2882	2370	7573	2999	1005	5422	127	2884	2367	273	8198	2443
chr7q32	3546	3555	5749	3544	5742	3551	532	6354	3553	1144	1973	3550	1960	533	3155	1976	5733	8168	1184	5815
chr12q11	529
chr18p11	4651	1564	5520	6768	7469	1561	1560	3810	3809	5521	4652	6751	1556	5522	3982	7560	5519	7372	7212	8997	219	1562	1007	1558	3983	883	7415	3570	7466	1554	1555	7427
chr17q11	2095	8698	74	2133	7096	7178	2145	7108	2105	3446	7445	6622	6720	3858	3462	3857	2135	5939	91	18	50	7459	8039	302	7458	2151	8445	1052	2092	2180	30	6619	8059	8206	3461	7757	8632	29	3856	10052	4642	3781	3441	7238	2179	7135	3430	2176	6623	2177	2143
chrxq24	7007	223	5107	3325	7857	67	7383	3326	1575	8154	8761	3324	1592	46	855	3777
chr6q12	5477	8630	2877	2397	2404
chr3q	2553	5931	6841
chr6p	1255	10016	3285	9	2431
chr21p11	
chrxq22	644	1580	8404	3399	1571	3910	1617	8254	1569	5106	8768	5725	9793	3208	6531	8614	1576	1573	1570	3209	1130	10153	3911	7121	8418	3912	7730	3469	5686	5680	8043
chr9p24	5143	4263	2010	7150	2013	1261	910	2011	7896	1236	5145	8988	4264	2995	904	908	9619	5144	6825
chr11p11	4012	6445	7360	7359	3083	5218	3200	4010	2257	2256	2220	9172	280	4082	224	6444	2258	7775	6443	5221	7364	7357
chr4q13	4447	4452	6146	5593	3839	5420	6164	220	980
chr16q11	667	7463	7015
chr8p22	5116	5533	365	5532	8714	1209	178	6753	5762	876	241	3045	7201	5585
chr14q24	2952	7970	2949	735	2944	524	192	926	5592	2954	2945	2948	5588	2942	8686	2958	2947	2956	1441	6933	295	1431	2950	8751	3956	1447	2943	2946	1450	437	7467	913	2955	7847	8628	8548	276	6934	6384	3955	2951	2941	2959
chr1q12	2747	8353	4797
chr15q21	6535	4558	6484	5678	3581	6477	1741	1738	3576	4817	4350	677	4559	8963	367	6511	4557	676	8545	3572	675	6542	1733	5677	672	8029	8078	1747	4334	6563	1151	4553	3573	1198	4424	3583
chr11p13	6455	5217	3084	264	2254	7426	2218	2252	7643	2251	5213	95	2253	494	6499	7341	394	8015
chr17p12	6941	10082	6915	84	2170	7344	5475	3331	2123	2101	3900	6927	7499	6929	6668
chr4q32	4988	7038	6246	3590	2208	421	5494
chr4q11	2186	2184	4969	7316
chr14q31	6446	8973	6398	4547	440	4545	7920	1454	348	1461	1448
chr2p14	2969	7190	2698	174	4880	2622	4882	6055	388	4372	2631	2705	8644	2609	6881
