INTEGRIN_BINDING	735	5362	2447	4547	2141
CATION_TRANSMEMBRANE_TRANSPORTER_ACTIVITY	7289	781	711	471	217	8105	2511	5116	5533	617	7816	7256	3047	911	84	6482	206	3730	3723	7592	4139	2693	3736	7441	6486	6498	6355	5301	1256	5305	2731	442	6707	7819	1277	4110	8091	2457	7825	2113	4063	2894	6011	5083	2281	538	2489	2973	4891	6759	1747	5003	6691	4419	907	8706	4375	3753	1137	8689	581	5163	4955	8442	138	7231
MAP_KINASE_ACTIVITY	1317	2379	6515	2041	407	1052
TRANSLATION_REGULATOR_ACTIVITY	8908	3055	1700	4953	2310	2956	706	2614	4966	1206	3957	3404	3692	1953	7960	1386	1765	1742	5650	512	2588	2244	1995	3848	1703	8343	5002	2309	3019	702	7101	3030	481	7605
HYDROLASE_ACTIVITY_ACTING_ON_ACID_ANHYDRIDES	3743	2828	2952	8908	5837	2944	6966	4855	3986	6735	28	6401	1520	1464	3038	3143	8252	7409	466	6106	4767	673	7289	781	711	471	217	8105	2511	5116	5533	6369	3182	8673	7053	5600	708	5470	7222	6902	2328	6549	1343	1079	541	6427	7278	9318	4189	4607	628	4128	2008	1069	6582	3579	2162	3692	4669	1444	8513	6080	389	4329	5018	1081	5057	2989	491	2545	554	5590	1068	3538	870	7116	10229	1703	7120	2069	8170	4610	434	1226	2703	7903	3899	1381	1205	1276	1955	8389	6348	2432	6404	8729	3523	1339	4575	7717	2923	1453	184	1056	1421	8044	4372	3246	678	5701	1764	2348	1891	4921	2319	2150	7389	9431	810	4183	3542	6878	410	8520	219	3822	2735	3316	6008	38	3909	1989	627	4869	5552	7488	2785	3437	3948	384	7401	7887	7996	7992	8877	4403	9789	3780	2500	2775	45	6374	2939	3274	885	8399
MRNA_BINDING	5153	728	5960	4669	1593	3839	5420	702	5355	1157	4602	5065	4258	4747	6205	6304	4408	2699	3527	8080
PROTEIN_PHOSPHATASE_TYPE_2A_REGULATOR_ACTIVITY	448	1122	9278	1880	9422	6606	2923	585	662	2428	5474	2922
ACTIVE_TRANSMEMBRANE_TRANSPORTER_ACTIVITY	3743	2828	2952	8908	5837	5479	466	6106	4767	673	7289	781	711	471	217	8105	2511	5116	5533	6369	3182	339	4329	2002	2367	538	2489	2973	2689	1853	4891	6759	2129	2683	41	1633	7515	6691	5221	687	3603	907	8706	4375	3753	5302	1694	1672	1137	8689	581	9789
GLUTAMATE_RECEPTOR_ACTIVITY	8374
ACID_AMINO_ACID_LIGASE_ACTIVITY	5801	6251	4671	7436	427	1109	6481	243	1119	2250	1222	4011	8762	389	6588	2252	1351	2927	4245	8	250	1483	1044	7098	4113	103	3529	193	4305	1697	7342	2500	7337	3769	2190	6912	8168	862	8081	5624	3689	126	4904	1774	5144	3174	8645	5873
SEROTONIN_RECEPTOR_ACTIVITY	
INORGANIC_ANION_TRANSMEMBRANE_TRANSPORTER_ACTIVITY	5479	8643	4891	6759	907
HISTONE_METHYLTRANSFERASE_ACTIVITY	779	7741	1975	4377	6415	3859	1582	7588	5130
PROTEIN_DOMAIN_SPECIFIC_BINDING	4417	4827	6821	5791	1464	7063	8637	1873	207	8613	8736	12	6586	5574	8396	9836	8374	916	1254	6999	6812	1261	3113	7854	8701	8185	9088	5573	7073	3520	1717	7133	1755	4272	5918	1697	1309	4271	4255	3537
CARBOHYDRATE_BINDING	3514	9261	2274	2462	4789	4480	2787	784	2596	6206	2256	128	2566	1574	5981	2439	6638
G_PROTEIN_COUPLED_RECEPTOR_BINDING	2003	9363	10168	6163	1056	2171
GTP_BINDING	3986	6401	3812	4388	4867	3967	7119	2137	5619	2956	8910	6201	1352	2069	7586	2410	10081	3246	77	3822	1989	4869	6744	4839	5578	970	2785	1036	3324	3135	1083	2500
HYDRO_LYASE_ACTIVITY	3152	5153	515	7582	2015	5843	1798	3517	788	2338	1177	2437	997	4364
NUCLEOTIDE_BINDING	3743	8507	2577	2952	8908	293	5837	1262	3042	8767	3986	6401	3812	4388	4867	3967	6369	3182	1722	2051	4859	1220	12	7119	8446	5218	4607	1818	2137	3484	5619	2956	4669	307	8	8910	6201	1352	2069	7586	2410	916	6232	2386	5281	9216	8536	1797	6701	713	183	748	1026	4664	887	1296	1226	2703	3252	3899	1381	1276	864	8285	1052	1181	10081	3339	1698	1245	4851	4412	7164	7226	968	3523	1600	4575	4285	1574	4779	2923	4749	6133	6729	3246	410	77	3822	315	395	1989	4869	6744	4839	5984	1454	5578	970	2785	1036	3324	3135	2516	6170	1248	4074	2858	6297	930	1762	2381	9057	1497	8674	4239	4665	1083	7201	722	2500	752	10379	3862	488	6368	3442
COPPER_ION_BINDING	9261	3761	7517	6369	3182	7256	7076	2533	4710	4665
DI___TRI_VALENT_INORGANIC_CATION_TRANSMEMBRANE_TRANSPORTER_ACTIVITY	7289	781	711	471	217	7256	6355	5301	1256	2281	1747	5003	4419
TRANSMEMBRANE_RECEPTOR_PROTEIN_KINASE_ACTIVITY	2572	4835	10255	1948	856	321	4574	8498	6999	2430	6815	6169	6122	8921	1199
SYMPORTER_ACTIVITY	538	2489	2973	4891	6759	907	8706	4375	3753
TRANSFERASE_ACTIVITY_TRANSFERRING_ACYL_GROUPS	796	3762	3228	6869	2043	2236	8968	55	58	506	8020	505	2019	2218	1396	2783	3342	997	4364	3565	2453	4516	5451	1368	1723	4208	959	5629	7027	3234	5307	3640	768	460	1138	909	5096	5204	1993	8187
ANTIPORTER_ACTIVITY	2129	6691	5302	1137	8689	581
HEMATOPOIETIN_INTERFERON_CLASSD200_DOMAIN_CYTOKINE_RECEPTOR_BINDING	6275	2490	7099	4324
MONOSACCHARIDE_BINDING	784	2596
OXIDOREDUCTASE_ACTIVITY_ACTING_ON_SULFUR_GROUP_OF_DONORS	1172	1784	5184	7265	2723	8654	7983
DNA_HELICASE_ACTIVITY	1000	5470	7222	6902	2328	4128	1810	6080	389	5018	3875	4575	8520	38	5912	7401	7887	2021	4403	5617	6382	885	8399
ENDODEOXYRIBONUCLEASE_ACTIVITY	1462	1884	7390	4039	7285	6750	3586	2526	2491
PROTEIN_TYROSINE_PHOSPHATASE_ACTIVITY	1518	2993	4889	934	5712	2161	4387	4493	6237	7987	2416	1379	7073	7952	6450	8395	7635	3520	7372	3976	686	1078	4866	3869	927	5462	3821	4754	4937	5422	7212	5531	1844
RAS_GTPASE_ACTIVATOR_ACTIVITY	5791	1134	1464	2726	1129	1276	8445	2682	219	1398	2208	4997	5580	2307	2690
PHOSPHORIC_MONOESTER_HYDROLASE_ACTIVITY	4848	4012	6045	4269	1518	1423	486	7095	809	2993	4889	934	5712	2161	3043	4387	4493	6237	7987	2416	3942	4652	6801	5179	7854	2052	6161	1047	1379	3339	830	3142	3111	612	5994	1043	1440	4367	2620	6239	7127	1786	9422	6606	173	2929	5071	7073	7952	6450	8395	7635	3520	7372	3976	686	1078	4866	3869	927	5462	3821	4754	4937	5422	7212	5531	1355	5771	1844
DAMAGED_DNA_BINDING	4269	6686	4011	7390	6750	1682	1226	2703	2526	411	4140	4498	4255	5512
RNA_HELICASE_ACTIVITY	8673	897	7559	1343	1079	541	6427	7278	9318	4189	2249	2199	8904	4607	628	4128	4669	5018	8520	8877	45
LIGASE_ACTIVITY_FORMING_CARBON_NITROGEN_BONDS	313	5801	6251	4671	7436	427	1109	6481	243	1119	998	2250	1222	7065	4011	8762	389	6588	2252	1351	2927	4245	8	250	6151	1483	5790	1044	7098	4113	1447	103	3529	7599	193	4305	1697	7342	2500	7337	3769	2190	6912	8168	862	8081	5624	3689	126	4904	1774	5144	3174	8645	5873
LIPID_BINDING	1263	8586	2634	5736	9243	1015	1605	5766	6314	4501	8742	2667	3949	7085	7379	2946	2230	5710	1118	1573	6222	774	4750	1549	2045	6848	2704	6133	8567	2348	2307	7129	2713	5887	3781	1009	6438	334
KINASE_BINDING	4346	244	3719	2881	4045	4748	6010	2634	2423	147	4241	3169	3407	809	8033	7669	2891	8742	6852	4574	6999	7969	6812	5854	8585	3113	7854	3793	835	772	119	4465	7217	6073	1339	6416	927	7133	4526	7175	5984	4272	8055	5918	3780	837	4886	1522	4050	6904	1184
ALDO_KETO_REDUCTASE_ACTIVITY	2818	1014	8350	423	2705
PHOSPHOTRANSFERASE_ACTIVITY_ALCOHOL_GROUP_AS_ACCEPTOR	2572	4715	1848	4644	5232	1722	8864	2285	4859	8054	3195	6330	7461	3963	7933	9130	3164	190	7449	7637	640	2468	1015	1303	2508	4670	9220	3919	1524	705	8893	563	836	475	4968	5218	1818	5682	3484	4835	10255	1033	448	7092	3571	1948	4475	7067	856	321	7603	5823	951	2269	2251	5621	5799	4574	8498	4818	6495	6999	3473	7969	2471	4344	4857	4365	5281	7831	6317	6810	302	835	3697	7200	772	6896	8757	1012	8536	4081	2075	1797	6701	713	183	1317	2379	676	6515	2041	407	6049	2571	1106	748	88	4664	887	1296	2283	864	108	2842	2590	1052	7164	5229	7695	6703	5382	636	4619	5846	3223	4698	5405	608	615	358	5643	5541	10195	4806	168	863	3095	412	1919	1890	2820	4285	1594	4690	4841	620	6548	4742	4749	7781	267	6133	629	2680	7947	3046	2430	6729	4296	1755	7898	634	3992	6815	2843	7495	1454	7393	6169	2883	4640	5660	6170	1248	4074	2858	2666	6297	930	8875	1762	2381	9057	1497	5096	5270	4060	4105	2014	703	6122	8674	5488	503	7109	7201	722	8921	2441	5314	1866	1199	5384	7493	1452	488	6368	3442	6555	1218
OXIDOREDUCTASE_ACTIVITY_GO_0016705	1241	4022	3631	4121	7043	5241	1711	3161	8076	1968	421	2222	1267
LIPASE_ACTIVITY	3054	6570	7976	4345	2582	1849	4071	2833	6492
STEROID_DEHYDROGENASE_ACTIVITY	747	8627	1049	3949	3808	5113
SUGAR_BINDING	2274	4480	2787	784	2596	1574
INWARD_RECTIFIER_POTASSIUM_CHANNEL_ACTIVITY	6707	1277	8091
RAS_GUANYL_NUCLEOTIDE_EXCHANGE_FACTOR_ACTIVITY	23	833	3872	2746	6204	4009	2257	2208	4182	4175	7683	3592	2690	5603
CATION_BINDING	1262	4790	1401	9261	4053	3761	7512	7517	6369	3182	1131	4558	175	5825	7629	3555	2285	3471	2553	7256	147	7461	2328	3734	5172	5780	1659	6682	934	3484	4967	1605	6276	6126	605	2622	1409	2672	6529	4150	2868	2116	6802	2486	3196	6206	2293	2366	7498	7379	4113	8680	7904	1664	5184	7265	1002	684	10449	6006	2148	858	4285	2894	1852	6239	2049	2273	7076	7129	638	394	2855	2789	3170	526	8869	2533	7548	9196	8353	6211	8704	8411	660	850	2683	41	6304	4710	2047	1103	4030	1290	5294	1430	4665	828	3907	1458	5190	6638	6396
PHOSPHORUS_OXYGEN_LYASE_ACTIVITY	3069	501
SPECIFIC_RNA_POLYMERASE_II_TRANSCRIPTION_FACTOR_ACTIVITY	3540	2455	3302	1903	6933	8070	3969	6930	3979	3615	5842	8149	8860	4204	8433	6512	6182	6483	6031
PHOSPHATE_TRANSMEMBRANE_TRANSPORTER_ACTIVITY	5479	4891	6759
SULFOTRANSFERASE_ACTIVITY	2657	7019	6819	7333	5092	3331	4225	9177	6886	3541	2372
PHOSPHOTRANSFERASE_ACTIVITY_PHOSPHATE_GROUP_AS_ACCEPTOR	2009	32	5086	809	6738	4858	2160	10081	156	1688	6097	2909
SERINE_TYPE_PEPTIDASE_ACTIVITY	6230	8570	2134	3737	4592	2632	6656	3114	1005	4239	6497	4040
CATION_CHANNEL_ACTIVITY	617	7816	3047	911	6486	5305	2731	442	6707	7819	1277	4110	8091	7825	2113	4063	2894	6011	5083	4955	8442
SECONDARY_ACTIVE_TRANSMEMBRANE_TRANSPORTER_ACTIVITY	5479	538	2489	2973	4891	6759	2129	6691	907	8706	4375	3753	5302	1137	8689	581
RAS_GTPASE_BINDING	23	3812	2746	655	1741	595	8957	3940	8693	1662	2682	219	1298	5443	287	133	5765	6650	2597	1388
DRUG_BINDING	1412	34	1247	3739	2585	7037	983	4410	7082	3780
ATP_DEPENDENT_HELICASE_ACTIVITY	8673	5470	7222	6902	2328	1079	541	6427	7278	9318	4189	4607	628	4128	4669	5018	4575	38	7887	8877	45	885	8399
ARYLSULFATASE_ACTIVITY	1371	2473	4644	6270
ZINC_ION_BINDING	7512	1131	175	2553	147	2328	3734	5172	5780	1659	934	4967	1605	6276	1409	2868	2116	2486	2293	4113	8680	1664	5184	7265	1002	2148	858	1852	2273	638	2789	3170	526	8869	2533	7548	9196	8704	8411	660	850	6304	4710	4030	1290	5294	1430	4665	1458	5190	6638	6396
PROTEIN_HOMODIMERIZATION_ACTIVITY	7874	5837	4346	23	3761	3700	4404	7063	1131	1793	1873	2634	147	2848	6457	3702	3581	2808	1541	836	1605	1033	4039	1618	595	399	6422	1327	916	8701	3697	7200	772	8536	2859	6447	1226	2703	1381	1276	10293	7743	2615	962	2923	1717	5578	6085	8594	1264	581	6563	4684	3611	8072	1497	3780	828	9187	1484	1687	3237	4255
HEPARIN_BINDING	3514	9261	2462	4789	6206	2256	128	5981	2439	6638
RNA_POLYMERASE_II_TRANSCRIPTION_MEDIATOR_ACTIVITY	2322	3360	2127	7680	120	1833	6322	4167	5573	429
LIGASE_ACTIVITY	3804	5347	644	313	5801	6251	4671	7436	427	1109	6481	243	1119	998	2250	1222	7065	2686	4011	8762	389	5024	7622	6588	2252	1351	2927	4245	1947	8	250	6151	1483	5790	1044	564	7288	7098	6567	5392	4113	1447	103	4000	3529	7226	7355	2528	7599	7089	6983	193	4305	4361	286	972	1697	4165	7342	2500	7337	3769	2190	6912	8168	862	8081	5624	3689	126	4904	1774	5144	8887	3174	8645	5391	4017	5873
CALCIUM_ION_BINDING	4053	4558	5825	7629	3555	2285	3471	7461	6682	6126	2622	2672	6529	6802	3196	6206	2366	7498	7379	7904	684	10449	6006	2894	2049	7129	394	2855	8353	6211	2683	41	2047	1103	828	3907
HYDROLASE_ACTIVITY_ACTING_ON_CARBON_NITROGEN_NOT_PEPTIDEBONDS	10292	8459	327	926	5974	4402	2686	3594	1209	3796	2736	1409	6124	8427	7058	1219	5089	1447	580	5755	660
CATION_TRANSPORTING_ATPASE_ACTIVITY	7289	781	711	471	217	8105	2511	5116	5533
PROTEIN_TRANSPORTER_ACTIVITY	5837	6532	4122	4170	6146	7997	8693	4803	2002	6826	334
OXIDOREDUCTASE_ACTIVITY_GO_0016616	2818	1014	8350	423	5933	6221	1466	4275	391	4460	997	4364	747	1049	3949	3808	1534	632	1962	7553	3996	2344	944	5113	1202	3057	732	2705	1776	2214
GTPASE_REGULATOR_ACTIVITY	5816	23	1842	10212	602	5791	1134	1464	4666	2308	833	3872	2746	6204	9150	1656	4558	8559	1942	965	5290	4009	2310	2956	706	2614	4966	2726	1612	5039	3474	7687	2059	461	1129	6874	3850	1731	8957	4593	14	2257	1276	7245	8445	785	2682	2897	171	5951	219	5856	1298	1398	2208	4182	5765	2106	4997	5580	8117	1912	2307	4175	7683	1142	6829	4792	2763	4466	7847	2107	2597	3592	2690	5603	503	1687	210	1957
METALLOPEPTIDASE_ACTIVITY	3734	4967	6275	6276	2975	2486	176	6217	2292	1664	3254	2073	6419	7230	8587	7086	984
SOLUTE_SODIUM_SYMPORTER_ACTIVITY	8706	4375	3753
RNA_POLYMERASE_II_TRANSCRIPTION_FACTOR_ACTIVITY	2742	2696	3540	6823	2864	5592	2455	5004	635	2926	2322	4772	487	1659	5914	1875	3302	104	1903	6933	4676	5510	1516	4355	3355	8269	2269	857	1442	8974	2215	1610	4838	6733	3435	8070	7524	7014	3672	6891	1626	8326	3360	2127	7680	3286	5425	120	1833	6322	4167	3956	3969	2859	3678	1749	1653	6930	590	3979	3615	5842	5573	2273	8038	7175	3798	904	3304	8149	8860	6700	5784	6584	1923	742	8758	2431	8375	6496	547	3017	8572	1684	531	3681	1956	7598	1001	2426	8231	7121	2507	4553	923	5200	6573	1149	429	5364	4942	301	1898	4204	6079	4609	8433	6512	6182	6483	6031	6822
SODIUM_CHANNEL_ACTIVITY	2894	6011	5083
RNA_SPLICING_FACTOR_ACTIVITYTRANSESTERIFICATION_MECHANISM	2766	7278	1080	7369	2810	7276	7899	8328	4797	1196	6304	2980	3915	4692
METABOTROPIC_GLUTAMATEGABA_B_LIKE_RECEPTOR_ACTIVITY	8374
AMINE_RECEPTOR_ACTIVITY	
STEROL_BINDING	3949	2946	2230	2713	3781
VITAMIN_BINDING	7874	3748	7226	7355
PURINE_NUCLEOTIDE_BINDING	3743	8507	2577	2952	8908	293	5837	1262	8767	3986	6401	3812	4388	4867	3967	6369	3182	1722	2051	4859	12	7119	8446	5218	4607	1818	2137	3484	5619	2956	4669	307	8	8910	6201	1352	2069	7586	2410	916	6232	2386	5281	8536	1797	6701	713	183	748	1026	4664	887	1296	1226	2703	3252	3899	1381	1276	864	8285	1052	1181	10081	4851	4412	7164	7226	968	3523	1600	4575	4285	4779	2923	4749	6133	6729	3246	410	77	3822	315	395	1989	4869	6744	4839	5984	1454	5578	970	2785	1036	3324	3135	2516	6170	1248	4074	2858	6297	930	1762	2381	9057	1497	8674	4239	4665	1083	7201	2500	752	10379	3862	488	6368	3442
SH2_DOMAIN_BINDING	6821	1464	6586	6999	6812	1261	3113	7854	9088	4272	5918
VOLTAGE_GATED_POTASSIUM_CHANNEL_ACTIVITY	5305	2731	442	6707	1277	8091
SMALL_CONJUGATING_PROTEIN_SPECIFIC_PROTEASE_ACTIVITY	6192	2901	680	5399	4783	2334	4984	7338
HYDROLASE_ACTIVITY_ACTING_ON_GLYCOSYL_BONDS	10095	1462	5411	699	1618	6922	6889	399	3488	2366	8622	7498	2451	1794	2189	8652	2703	3882	8773	2151	1685	8882	552	2526	9611	3197	4498
ANION_CATION_SYMPORTER_ACTIVITY	538	2489	4891	6759	907
RECEPTOR_SIGNALING_PROTEIN_SERINE_THREONINE_KINASE_ACTIVITY	2572	4818	7969	3697	7200	772	8757	1012	8536	4081	1797	1317	2379	6515	2041	407	1052	6122
HYDROLASE_ACTIVITY_HYDROLYZING_O_GLYCOSYL_COMPOUNDS	10095	699	1618	6922	6889	399	3488	2366	8622	7498	2451	1794	2189	8652	8773	2151	1685	8882	9611
SINGLE_STRANDED_DNA_BINDING	7390	4039	6018	6242	4097	3140	5420	3875	824	1226	6851	3133	3545	8038	5065	7631	2917	410	2300	5446	2849	1969	2483	3861	6547	4665	9187	990	5512	583
INTERLEUKIN_BINDING	4833	2245	10269	4315	5102	6770
ENZYME_ACTIVATOR_ACTIVITY	5816	3683	6821	1433	23	10212	602	5791	1134	1464	3038	4748	4558	1873	7461	1942	5284	82	4191	1936	4230	5290	2726	6478	8490	3696	1129	3342	2257	7098	8536	119	1664	7217	1276	8445	1946	2073	4266	840	2923	6198	7684	8567	785	2682	2897	171	5951	219	1398	2208	4997	5580	8117	1912	2307	315	1142	6829	4792	2763	4466	7847	2107	4717	2690	2500	1687	3427
ATPASE_ACTIVITY_COUPLED_TO_TRANSMEMBRANE_MOVEMENT_OF_IONS_PHOSPHORYLATIVE_MECHANISM	6106	4767	673	7289	781	711	471	217	6369	3182	4329
EXCITATORY_EXTRACELLULAR_LIGAND_GATED_ION_CHANNEL_ACTIVITY	3047	911	2113	4063	1280
LYASE_ACTIVITY	3152	3069	10092	5266	2178	3205	1462	5153	10396	958	515	7582	2015	5843	3838	1798	3517	788	2338	605	1177	3562	2650	3293	2437	501	3748	997	4364	1681	6615	552	2673	2526	5295	3820	2558	3414
TRANSFERASE_ACTIVITY_TRANSFERRING_HEXOSYL_GROUPS	2937	9251	3026	1076	5768	1028	5757	3079	5735	2870	269	1967	3	4249	7618	6029	7143	8390	295	4656	4843	2198	2557	1601	6724	714	5919	1292	5099	6365	675	492	2911	1530	1024	6191	3856	4042	6128	5157	7303
MANNOSYLTRANSFERASE_ACTIVITY	2937	9251	5768	3	4249	7618	675	492	2911	3856
SH3_DOMAIN_BINDING	4417	4827	6821	5791	8613	8736	5574	8396	9836	8185	3520	7133
OXIDOREDUCTASE_ACTIVITY_ACTING_ON_THE_CH_NH_GROUP_OF_DONORS	7038	580	7478	7872	5338	3201
CARBOXY_LYASE_ACTIVITY	3205	10396	958	3838	3562	2650	1681	6615	2673	2558	3414
INOSITOL_OR_PHOSPHATIDYLINOSITOL_PHOSPHODIESTERASE_ACTIVITY	4345
MICROTUBULE_BINDING	4045	2746	1571	3363	3691	1131	2634	4241	8694	776	6131	3702	5746	6710	8170	6970	4380	3667	1535	8185	88	758	697	7076	1501	3052	5461	3531
MICROTUBULE_MOTOR_ACTIVITY	510	4577	4455	5746	4385	434	895	4338	4753	1531	1162	6970	6723
LIPOPROTEIN_BINDING	6281	3196	681	6206	8185
OXIDOREDUCTASE_ACTIVITY_ACTING_ON_PEROXIDE_AS_ACCEPTOR	3084	6611	1431	6667	3175
PHOSPHATASE_INHIBITOR_ACTIVITY	4808	6317	9278	7965	2850	2922	1103
NON_MEMBRANE_SPANNING_PROTEIN_TYROSINE_KINASE_ACTIVITY	190	5682	2471	3046	4105	503	1866
THIOLESTER_HYDROLASE_ACTIVITY	1550	525	8617	3741	2901	5399	4783	2334	4984	7711
ORGANIC_ANION_TRANSMEMBRANE_TRANSPORTER_ACTIVITY	2577	989
NEUROPEPTIDE_BINDING	
TASTE_RECEPTOR_ACTIVITY	
UDP_GLYCOSYLTRANSFERASE_ACTIVITY	1028	269	6029	4656	4843	2198	6724	714	5919	5099	6365	1024	5157	7303
PHOSPHOLIPID_BINDING	2634	9243	1015	1605	5766	8742	7379	5710	1118	774	4750	1549	2045	6848	2704	6133	2348	2307	5887	1009	6438	334
CARBONATE_DEHYDRATASE_ACTIVITY	515	7582	2015
ELECTRON_CARRIER_ACTIVITY	8586	5633	2818	1014	423	3764	6482	7592	1357	572	413	7619	7095	4853	1172	4565	7038	5940	6355	1784	1711	256	1534	944	3252	8121	4478	240	5759	9172	6268	2626	2267	7733	3279	1202	2034	3521	5338	3201	8879	4992	1776	8654	7983	2214
AMINO_ACID_TRANSMEMBRANE_TRANSPORTER_ACTIVITY	339	2367	2689	1853	2683	41	1633	7515	5221	5302	1694	1672
HYDROLASE_ACTIVITY_HYDROLYZING_N_GLYCOSYL_COMPOUNDS	1462	5411	2703	3882	552	2526	3197	4498
SMALL_CONJUGATING_PROTEIN_BINDING	4748	8762	9088	4578	660	5918	3780	780	7544
LIGAND_DEPENDENT_NUCLEAR_RECEPTOR_ACTIVITY	2455	3035	5834	2497	6222	2376	8149	8860	3430
VOLTAGE_GATED_CHANNEL_ACTIVITY	617	7816	2586	5305	2731	442	6707	1277	8091	2894
HYDROLASE_ACTIVITY_ACTING_ON_ESTER_BONDS	1550	4848	4012	6045	9261	1462	4269	1371	2473	4644	6270	1518	1423	7153	7240	486	7095	4392	5826	1445	809	194	6682	1884	2993	4889	934	5712	2161	3043	4387	4493	6237	7987	2416	7390	4039	7285	3684	815	6750	4112	525	8617	145	3942	4652	6801	5179	7854	3054	3667	3586	2052	6161	1047	1379	864	10081	3339	830	3142	552	3111	2526	2421	3194	584	8953	6570	8502	7976	4345	2582	1849	4071	1920	1759	1838	7111	612	5994	1043	1440	4367	2620	6239	9278	7127	2850	1786	9422	6606	173	2929	3741	2833	5071	7073	7952	6450	8395	7635	3520	7372	3976	686	1078	4866	3869	927	5462	3821	4754	4937	5422	7212	5531	2487	2491	7133	819	6845	7075	1813	5195	5397	3299	1355	6492	5771	1844	4665	9187	2901	5399	4783	2334	4984	6382	1100	7711
BETA_TUBULIN_BINDING	4867	3967	4470	307	4380	3667	5951	3237
FUCOSYLTRANSFERASE_ACTIVITY	7143	8390	295	1530
GATED_CHANNEL_ACTIVITY	617	7816	12	3047	911	2586	5305	2731	442	6707	1277	4110	8091	7825	2113	4063	2894	6011	5083	1280	4955
SUGAR_TRANSMEMBRANE_TRANSPORTER_ACTIVITY	2973	2812	485
PROTEASE_INHIBITOR_ACTIVITY	4714	6937	1541	3151	6955	3828	5227	6130	1611	314
PROTEIN_METHYLTRANSFERASE_ACTIVITY	779	7741	1975	4377	8977	6415	2999	3859	1582	7588	5130
N_ACETYLTRANSFERASE_ACTIVITY	55	2019	2218	1396	3342	3565	1723	4208	959	5629	7027	3234	3640	768	909	5096	5204
NEUROPEPTIDE_RECEPTOR_ACTIVITY	
RIBONUCLEASE_ACTIVITY	9261	1462	4392	1445	7285	3684	815	6750	1759	1838	7111	2850	6845	7075	1813	5195	5397	3299	1100
TRANSCRIPTION_ELONGATION_REGULATOR_ACTIVITY	1892	3958	8974	1610	683	1194	9113	8369	3189
POLYSACCHARIDE_BINDING	3514	9261	2462	4789	6206	2256	128	2566	5981	2439	6638
CALCIUM_ION_TRANSMEMBRANE_TRANSPORTER_ACTIVITY	7289	781	711	471	217	5301	1256
HORMONE_BINDING	5794	86	6999	874	4995
VOLTAGE_GATED_CALCIUM_CHANNEL_ACTIVITY	617	7816
IDENTICAL_PROTEIN_BINDING	7874	1586	5837	4848	7953	4346	4715	23	3761	5217	4714	4666	3700	3300	281	4404	8673	7063	7041	1131	8347	1793	1119	1064	1873	2105	527	1346	2634	147	4859	3195	2848	6457	9130	5667	1970	3702	3581	7186	2808	8893	1541	8855	4191	5826	836	1818	8876	6057	371	44	6440	1605	1033	7092	586	4039	7067	6697	263	8200	1050	150	1618	1068	595	3100	8537	3748	7128	2736	399	1193	6422	1327	916	4574	1760	9221	2616	5274	1393	8701	3697	7200	772	8536	818	3701	8145	2859	6447	1682	1226	2703	2283	1381	1276	1472	10293	8232	4612	5097	7743	2615	4048	7164	3529	7695	4861	2669	6480	2999	3096	968	6953	4018	1748	962	4206	1759	1838	2923	5864	7076	343	1508	3758	5295	1717	1868	410	638	7175	7270	5299	634	5578	7887	6085	8594	5351	7013	5366	4596	1264	581	6563	4684	3507	3568	3611	8072	8066	2670	1497	2064	1940	5132	3780	828	1643	9187	8913	3365	720	1484	1687	5899	5328	1898	3237	210	4255	7357
TRANSFERASE_ACTIVITY_TRANSFERRING_GLYCOSYL_GROUPS	2937	9251	3026	1076	5768	8767	1028	5757	3079	5735	2870	269	1967	3	4249	7618	6029	7143	8390	295	4656	4843	2198	2557	6422	1601	6724	714	5919	1292	5099	4861	6365	675	492	2911	1530	1024	3530	1716	9129	6191	3856	1259	4706	3271	850	116	5673	3415	2235	2656	530	773	5871	4042	6128	7197	5157	7303	2558	7926
NEUTRAL_AMINO_ACID_TRANSMEMBRANE_TRANSPORTER_ACTIVITY	2367	2689	1853	5221	5302	1694
ANION_TRANSMEMBRANE_TRANSPORTER_ACTIVITY	2577	5479	8643	12	2586	2894	538	2489	4891	6759	2129	6331	907	989
SUBSTRATE_SPECIFIC_TRANSMEMBRANE_TRANSPORTER_ACTIVITY	2577	5479	8643	6106	4767	673	7289	781	711	471	217	8105	2511	5116	5533	6369	3182	617	7816	7256	12	3047	911	2586	84	6482	206	3730	3723	7592	4139	2693	3736	7441	339	6486	6498	6355	4329	5301	1256	5305	2731	442	6707	7819	1277	4110	8091	18	4803	2457	7825	2113	4063	963	2894	1588	6011	2002	2367	5083	2281	538	2489	4661	5554	5090	2163	2973	2822	2689	1853	4891	6759	1110	7875	2129	2683	41	1633	3337	7515	5348	46	2442	7305	2812	485	1747	5003	6290	1596	2838	3063	5685	8940	6691	4419	5221	6331	907	8706	4375	3753	5302	1694	1672	1137	8689	581	989	1280	5163	4955	8442	8229	138	7231
STRUCTURAL_CONSTITUENT_OF_RIBOSOME	5263	5774	7881	9238	7797	2325	7131	6051	3558	3004	7345	507	3333	4739	6620	4730	8306	7313	1888	2101	3105	2722	8632	2550	5961	3759	6507	2086	5981	1374	5615	715	2194	4258	4993	8761	7291	3122	1105	5133	5167	5920	6156	1116	4342	7523	3284	4729	2405	2264	6301	2621	3999	1843	9771	1864	4617	124	8157	4399	8566	7548	9861	9196	5230	4987	8606	3628	978	4280	7074	4752	6984
STEROID_DEHYDROGENASE_ACTIVITY_ACTING_ON_THE_CH_OH_GROUP_OF_DONORSNAD_OR_NADP_AS_ACCEPTOR	747	1049	3949	3808	5113
PROTEIN_KINASE_ACTIVITY	2572	4715	1848	5232	1722	8864	2285	4859	8054	3195	6330	7461	3963	7933	9130	3164	190	7449	7637	2468	1015	1303	2508	4670	9220	3919	1524	705	8893	1818	5682	3484	4835	10255	1033	448	7092	3571	1948	7067	856	321	7603	951	2269	2251	4574	8498	4818	6495	6999	7969	2471	5281	7831	6317	6810	302	835	3697	7200	772	6896	8757	1012	8536	4081	2075	1797	6701	713	183	1317	2379	676	6515	2041	407	6049	2571	1106	748	88	4664	887	1296	2842	2590	1052	7164	5229	7695	6703	5382	636	4619	615	358	5643	4285	1594	6548	4742	4749	7781	267	6133	629	2680	7947	3046	2430	6729	4296	1755	7898	634	3992	6815	2843	7495	1454	7393	6169	2883	4640	5660	6170	1248	4074	2858	2666	6297	930	8875	1762	2381	9057	1497	5096	5270	4060	4105	2014	703	6122	8674	5488	503	7109	7201	722	8921	2441	5314	1866	1199	5384	7493	1452	488	6368	3442	6555
MOLECULAR_ADAPTOR_ACTIVITY	4417	7360	1134	7405	3561	1942	1303	5333	6478	5475	1385	1943	7543	8650	3090	18	9181	5893	5916	270	1235	8062	3735	1059	2022	5887	4640	5581	1494	4227	4637	4825	6125
ADENYL_RIBONUCLEOTIDE_BINDING	3743	8507	2577	2952	8908	293	5837	1262	8767	6369	3182	1722	2051	4859	12	7119	8446	5218	4607	1818	3484	2956	4669	307	8	916	6232	2386	5281	8536	1797	6701	713	183	748	1026	4664	887	1296	1226	2703	3899	1381	1276	864	1052	1181	10081	4851	4412	7164	7226	968	3523	1600	4575	4285	2923	4749	6133	6729	410	315	395	5984	1454	1036	2516	6170	1248	4074	2858	6297	930	1762	2381	9057	1497	8674	4239	4665	1083	7201	752	10379	3862	488	6368	3442
EXOPEPTIDASE_ACTIVITY	1990	2133	2134	6275	6276	4322	2486	6217	2292	4639	3254	6497	2078	984
UBIQUITIN_BINDING	4748	8762	9088	660	5918	3780	780	7544
SUBSTRATE_SPECIFIC_CHANNEL_ACTIVITY	617	7816	12	3047	911	2586	6486	5305	2731	442	6707	7819	1277	4110	8091	7825	2113	4063	963	2894	6011	5083	1280	4955	8442	8229
ADENYL_NUCLEOTIDE_BINDING	3743	8507	2577	2952	8908	293	5837	1262	8767	6369	3182	1722	2051	4859	12	7119	8446	5218	4607	1818	3484	2956	4669	307	8	916	6232	2386	5281	8536	1797	6701	713	183	748	1026	4664	887	1296	1226	2703	3252	3899	1381	1276	864	8285	1052	1181	10081	4851	4412	7164	7226	968	3523	1600	4575	4285	4779	2923	4749	6133	6729	410	315	395	5984	1454	1036	2516	6170	1248	4074	2858	6297	930	1762	2381	9057	1497	8674	4239	4665	1083	7201	752	10379	3862	488	6368	3442
CYSTEINE_TYPE_PEPTIDASE_ACTIVITY	1571	6740	3363	3691	2133	3423	6273	4458	6433	527	6318	4804	1436	6570	6192	1701	2901	680	6017	1609	5399	465	1554	4111	5599	4783	2542	2334	4984	8215	4424	3267	2547	7338
HISTONE_DEACETYLASE_BINDING	7895	1409	1219	7133	660	2342	3780	837
SMALL_GTPASE_REGULATOR_ACTIVITY	23	10212	602	5791	1134	1464	4666	2308	833	3872	2746	6204	1656	965	4009	2726	2059	461	1129	1731	8957	14	2257	1276	8445	2682	219	5856	1298	1398	2208	4182	4997	5580	2307	4175	7683	3592	2690	5603	210	1957
SMAD_BINDING	2051	6563	4684	1697	4144
ANTIGEN_BINDING	5736	2708	6770	1880	4328	1694	9789	8552
COFACTOR_TRANSPORTER_ACTIVITY	3743	7229	8532	6841
S_ADENOSYLMETHIONINE_DEPENDENT_METHYLTRANSFERASE_ACTIVITY	9275	3707	2962	7741	4377	8977	326	6415	322	2999	3859	1562	1582	4304	2039	5130
HYDROLASE_ACTIVITY_ACTING_ON_ACID_ANHYDRIDESCATALYZING_TRANSMEMBRANE_MOVEMENT_OF_SUBSTANCES	3743	2828	2952	8908	5837	466	6106	4767	673	7289	781	711	471	217	8105	2511	5116	5533	6369	3182	4329	9789
AMINE_TRANSMEMBRANE_TRANSPORTER_ACTIVITY	339	2367	2689	1853	2683	41	1633	7515	5221	687	3603	3753	5302	1694	1672
CHAPERONE_BINDING	1433	1936	4907	2660	1499	4710	7040	3287	4672	2786	6421
ENZYME_REGULATOR_ACTIVITY	6252	5816	3683	6821	1433	23	6660	1842	4808	7845	6245	4045	4714	10212	602	5791	1134	1464	4666	2308	833	3872	2746	6204	3038	9150	1656	3700	4748	1131	4558	8071	6010	1873	4483	8559	7461	3291	2303	3169	1942	6937	1541	5284	82	4191	965	1936	4230	1628	5290	4009	448	2310	2956	706	2614	4966	3958	2218	2726	8033	1612	5039	3474	7687	6478	2059	461	8490	3696	1129	6874	3850	9836	3342	1731	8181	6752	916	1254	3918	1122	683	8957	4593	14	6317	2257	7098	8536	119	330	5320	1664	7217	1276	7245	8445	1946	1816	7688	4995	2073	6992	6774	4266	9278	840	7965	2668	2850	1880	9422	6606	2923	585	662	2428	5474	2164	6198	7684	5943	4632	8567	785	2682	2897	171	5951	219	5856	1298	1398	2208	4182	5765	2106	4997	5580	8117	1912	2307	4175	7683	3151	315	1142	6829	4792	2763	4466	7847	2107	6744	239	2597	4717	3592	6955	3828	5227	6130	2922	3747	8055	2690	1697	4060	1103	5603	1611	314	5007	503	6980	2500	1687	3427	210	1957
RNA_POLYMERASE_II_TRANSCRIPTION_FACTOR_ACTIVITYENHANCER_BINDING	1442	1749	8038	7175	3798	904	1149	4609
CYTOCHROME_C_OXIDASE_ACTIVITY	84	6482	206	3730	3723	7592	4139	2693	3736	7441	6498	5163
MONOCARBOXYLIC_ACID_TRANSMEMBRANE_TRANSPORTER_ACTIVITY	5554	5090	2163	3753
HELICASE_ACTIVITY	1000	8673	5470	7222	6902	2328	897	7559	1343	1079	541	6427	7278	9318	4189	2249	2199	8904	4607	628	4128	4669	1810	6080	389	5018	3875	4575	8520	38	5912	7401	7887	2021	8877	908	3507	4403	5617	45	6382	885	8399
OXIDOREDUCTASE_ACTIVITY	5334	2794	8357	753	8586	7833	5633	2818	1014	8350	423	740	3877	2401	4766	3764	3761	1462	10396	958	5933	6221	3084	84	6482	206	3730	3723	7592	4139	2693	3736	7441	370	914	8985	6498	1357	572	413	729	7619	7095	1241	4022	7725	4853	2708	7160	1466	1172	3631	3644	4121	7043	4565	7038	5241	5940	6355	1883	7192	245	5194	7857	6611	4275	1784	1431	391	4460	997	4364	1711	747	8627	1049	3949	256	3808	1534	632	1962	7553	3577	1062	3996	2344	204	944	2730	5184	7265	580	7478	3252	8121	4478	240	5759	9172	6268	2626	2267	2457	7733	3279	5113	6404	1932	3161	8076	6728	565	1202	2034	1968	3521	4779	6667	6416	3175	7872	5338	2723	3057	732	349	3201	421	2222	1267	767	8879	4710	2383	2705	4992	5163	1776	4233	1383	8654	7983	2214	138	7231	310	8136
DELAYED_RECTIFIER_POTASSIUM_CHANNEL_ACTIVITY	442
KINASE_ACTIVITY	2572	5591	2009	32	4715	1848	4644	5232	1722	8864	2285	5086	4859	8054	3195	6330	7461	3963	1406	7933	9130	3164	6467	190	7449	7637	640	2468	1015	1303	2508	4670	9220	3919	1524	705	8893	5593	563	836	475	4968	5218	2593	809	1818	6738	5682	3484	4835	10255	1033	448	7092	3571	1948	4475	7067	856	321	6355	7603	5823	951	2269	4858	2251	5621	5799	4574	8498	4818	6495	6999	3473	7969	2471	4344	4857	4365	5281	7831	6317	6810	302	835	3697	7200	772	6896	8757	1012	8536	4081	2075	1797	6701	713	183	1317	2379	676	6515	2041	407	6049	2571	1106	748	88	4664	887	1296	2160	2283	864	108	2842	2590	1052	10081	156	1688	7164	5229	7695	6703	5382	636	4619	5846	3223	4698	5405	608	1600	615	358	5643	5541	10195	4806	168	863	3095	412	1919	1890	2820	4285	1594	4690	4841	620	6548	4742	6097	4749	7781	267	6133	629	2680	7947	5105	1578	3046	2430	6729	4296	1755	7898	634	3992	6815	2843	7495	1454	7393	6169	2883	4640	5660	6170	1248	4074	2858	2666	6297	930	8875	1762	2381	9057	1497	5096	5270	4060	4105	2014	703	6122	2909	6674	6523	8674	5488	503	7109	7201	722	8921	2441	5314	1866	1199	5384	7493	1452	488	6368	3442	6555	1218
PHOSPHORIC_ESTER_HYDROLASE_ACTIVITY	4848	4012	6045	1462	4269	1518	1423	7240	486	7095	809	2993	4889	934	5712	2161	3043	4387	4493	6237	7987	2416	3942	4652	6801	5179	7854	2052	6161	1047	1379	3339	830	3142	3111	2421	3194	584	8953	6570	8502	4345	2582	1849	612	5994	1043	1440	4367	2620	6239	7127	1786	9422	6606	173	2929	5071	7073	7952	6450	8395	7635	3520	7372	3976	686	1078	4866	3869	927	5462	3821	4754	4937	5422	7212	5531	1355	6492	5771	1844
SUBSTRATE_SPECIFIC_TRANSPORTER_ACTIVITY	6352	2577	5837	5479	8896	8643	466	6106	4767	673	7289	781	711	471	217	8105	2511	5116	5533	6369	3182	617	7816	7256	1721	12	3047	911	2586	6532	4122	4170	84	6482	206	6146	3730	3723	7592	4139	2693	3736	7441	339	6486	6498	7997	6355	4329	4501	3949	8693	5301	1256	5305	2731	442	6707	7819	1277	4110	8091	18	3196	4803	2457	4660	7825	2113	4063	963	4635	7277	2263	2894	1588	8265	6011	2002	2367	5083	2281	538	2489	4661	5554	5090	2163	2973	2822	2689	1853	4891	6759	1110	7875	2129	2683	41	1633	3337	7515	5348	46	2442	7305	2812	485	1747	5003	6290	1596	2838	3063	5685	8940	6691	4419	5221	6331	907	8706	4375	3753	5302	1694	1672	1137	8689	581	989	7304	1280	5163	9789	4955	8442	8229	138	7231	6826	334
SPECIFIC_TRANSCRIPTIONAL_REPRESSOR_ACTIVITY	4318	1409	1219	8154	9303	5457
METALLOEXOPEPTIDASE_ACTIVITY	6275	6217	2292	3254	984
KINASE_REGULATOR_ACTIVITY	6821	23	4045	4748	6010	7461	3291	2303	3169	1628	3958	2218	8490	3696	8181	6752	683	2257	7098	119	5320	7217	4995	6992	6774	2164	6744	3747	8055	4060
OXIDOREDUCTASE_ACTIVITY_GO_0016706	4121	7043	3161	8076	1968
PEPTIDE_BINDING	9261	5711	2708	4897	6999	1870	4184	2527	7823	1634	2116	1472	2585	2377	7726	4995	7037	983	4410	7082	1694	3295	6116	2584	9789	961	1881	258
ADP_BINDING	5837	8	1226	2703	3899	1381	1276
NUCLEOTIDYLTRANSFERASE_ACTIVITY	640	486	3708	2030	5425	4461	5931	8098	1574	697	511	7380	7487	1416	5161	4584	4206	1565	411	4898	1852	48	7532	8135	2478	1402	5962	8610	5038	2288	127	2365	3617	2472	752	2799	6881	1554
CHEMOKINE_ACTIVITY	2003	9363	6163
PROTEIN_N_TERMINUS_BINDING	4269	5232	5825	1524	705	8855	3892	3848	1810	6080	7390	4039	7192	5002	2309	4833	1756	993	3234	4861	4736	7175	4324	1494	3507	7211	768	4665	6421	3162
PROTEIN_SERINE_THREONINE_KINASE_ACTIVITY	2572	4715	1848	5232	1722	8864	4859	8054	3195	6330	3963	7933	9130	3164	190	7449	7637	1015	2508	4670	9220	3919	1524	705	8893	1818	5682	3484	1033	448	7092	3571	7067	7603	951	2269	2251	4818	6495	7969	5281	7831	6317	3697	7200	772	6896	8757	1012	8536	4081	2075	1797	6701	713	183	1317	2379	676	6515	2041	407	6049	1106	748	88	4664	887	1296	2842	2590	1052	7164	5229	7695	6703	4619	615	358	5643	4285	1594	6548	4742	4749	7781	267	6133	629	2680	7947	4296	1755	7898	634	3992	2843	7495	1454	7393	2883	5660	6170	1248	4074	2858	2666	6297	930	8875	1762	2381	9057	1497	5096	5270	4060	2014	703	6122	8674	5488	7109	2441	5384	7493	1452	488	6368	3442	6555
RNA_POLYMERASE_ACTIVITY	486	5425	1574	4898	1852	48	7532	8135	2478	1402	5962	8610	5038
HISTONE_ACETYLTRANSFERASE_ACTIVITY	55	2019	2218	1396	3342	3565	1723	4208	959	5629	3234	909	5096	5204
OXYGEN_BINDING	1241	7043
RNA_BINDING	1160	3152	3058	9261	4269	3300	5153	4404	2766	2259	1283	728	2323	1500	1569	7426	5275	723	1343	5672	7278	1445	3708	4889	8762	4953	448	3404	5960	4669	512	4136	793	1995	3848	3027	7864	3684	815	5024	5263	1845	1593	1121	2552	949	3839	8181	6752	7535	3140	1799	3395	5442	5420	6529	771	4180	4838	3602	4197	5426	3090	1080	5341	7369	1964	5407	5556	7881	9238	2569	3333	4256	2601	1335	4612	6371	7743	6571	967	2092	702	5355	1157	1463	7101	4602	6851	8500	1141	1838	983	2850	2810	7276	3588	165	5065	2300	1501	3402	1615	7252	5565	27	36	821	7075	4127	1562	8992	2916	6620	8306	7313	1888	2101	3105	2722	2550	5961	6507	2086	5981	1374	5615	715	2194	4258	8761	7291	1105	5133	5167	6156	1116	4342	7523	3284	2405	2264	6301	3999	1864	4617	124	8157	4399	8566	7548	9196	5230	4987	978	4280	7074	4752	4361	286	2200	4747	6700	7899	8328	4797	1196	6205	6304	2980	6576	4560	3915	4408	3247	338	5617	5164	4077	480	4509	3617	2699	5364	752	2764	4692	7989	3527	8080	2515	798	3847
N_METHYLTRANSFERASE_ACTIVITY	7741	4377	6415	3436	3859	1562	1582	5130
GABA_RECEPTOR_ACTIVITY	
NEUROTRANSMITTER_BINDING	3047	911	6867	6915
3_5_CYCLIC_NUCLEOTIDE_PHOSPHODIESTERASE_ACTIVITY	2421	3194	584	8953
STEROID_HORMONE_RECEPTOR_ACTIVITY	3035	5834	2497	6222	2376
NUCLEOSIDE_TRIPHOSPHATASE_ACTIVITY	3743	2828	2952	8908	5837	4855	3986	6735	28	6401	1520	1464	3038	3143	8252	7409	466	6106	4767	673	7289	781	711	471	217	8105	2511	5116	5533	6369	3182	8673	7053	5600	708	5470	7222	6902	2328	6549	1343	1079	541	6427	7278	9318	4189	4607	628	4128	2008	1069	2162	3692	4669	1444	6080	389	4329	5018	1081	5057	2989	491	2545	554	5590	1068	3538	870	7116	10229	1703	7120	2069	8170	4610	434	1226	2703	7903	3899	1381	1205	1276	1955	8729	3523	1339	4575	2923	1453	184	1056	1421	8044	4372	3246	678	5701	1764	2348	1891	4921	2319	2150	7389	9431	810	4183	3542	6878	410	8520	219	3822	2735	3316	6008	38	3909	1989	627	4869	5552	7488	2785	3437	3948	384	7401	7887	7996	7992	8877	4403	9789	3780	2500	2775	45	6374	2939	3274	885	8399
CARBOXYPEPTIDASE_ACTIVITY	1990	2133	2134	3254
NEUROTRANSMITTER_RECEPTOR_ACTIVITY	3047	911	6867	6915
INTRAMOLECULAR_OXIDOREDUCTASE_ACTIVITY	1307	5098	1120	2493	609	7594	8076	6570	565	4868	2288	2335
N_ACYLTRANSFERASE_ACTIVITY	55	2019	2218	1396	3342	3565	4516	1723	4208	959	5629	7027	3234	3640	768	909	5096	5204
ANION_CHANNEL_ACTIVITY	12	2586	2894
PROTEIN_KINASE_INHIBITOR_ACTIVITY	6010	3291	2303	3169	1628	8490	3696	8181	6752	5320	6992	6774	3747	8055	4060
METHYLTRANSFERASE_ACTIVITY	9275	4402	3833	3707	2962	2019	779	7741	1975	4377	3635	5776	8977	326	6415	322	2999	3436	1415	3859	1562	1582	7588	4304	2039	5130
PROTEIN_COMPLEX_BINDING	735	7335	4009	5362	2447	389	4547	2141	6812	824	1226	2703	3882	3866	3523	4995	3133	3595	5887	1643	9187
MONOSACCHARIDE_TRANSMEMBRANE_TRANSPORTER_ACTIVITY	2812	485
TELOMERIC_DNA_BINDING	3140	4575	3545	8038	689	5132	3861	6547	1197
INSULIN_LIKE_GROWTH_FACTOR_RECEPTOR_BINDING	6812	4995	5887	8055	6904	3537
PROTEIN_TYROSINE_KINASE_ACTIVITY	2285	190	1303	5682	3484	4835	10255	1948	856	321	4574	8498	6999	2471	3046	2430	6815	6169	4640	4105	503	8921	2441	5314	1866	1199
PROTEIN_SERINE_THREONINE_PHOSPHATASE_ACTIVITY	7095	4493	6237	7854	1379	1043	1440	4367	2620	6239	7127	1786	9422	6606	173	2929	7073	1844
CARBON_OXYGEN_LYASE_ACTIVITY	3152	1462	5153	515	7582	2015	5843	1798	3517	788	2338	1177	2437	997	4364	552	2526	5295
ACETYLGALACTOSAMINYLTRANSFERASE_ACTIVITY	6029	4656	4843	2198
SULFURIC_ESTER_HYDROLASE_ACTIVITY	1371	2473	4644	6270	4112	145
TRANSCRIPTION_COACTIVATOR_ACTIVITY	2265	1462	4813	2696	2864	4748	2455	181	3055	55	4065	3160	2019	1396	5510	3355	7128	4299	254	2215	5389	7014	2868	5921	3397	7361	5425	2399	1833	5877	3956	5577	8145	5540	695	8301	1749	8683	403	839	1800	590	7743	7511	7703	6480	5895	2270	5573	1597	1505	6444	10066	3906	193	8149	8860	908	3507	7211	4513	588	2140	939	768	1437	1923	909	2483	3681	7598	1001	273	2507	1149	8625	3155	1461	208	1458	5190	66	3134
ATPASE_ACTIVITY_COUPLED_TO_TRANSMEMBRANE_MOVEMENT_OF_IONS	6106	4767	673	7289	781	711	471	217	8105	2511	5116	5533	6369	3182	4329
ATP_DEPENDENT_RNA_HELICASE_ACTIVITY	8673	1079	541	6427	7278	9318	4189	4607	628	4128	4669	5018	8877	45
ACETYLTRANSFERASE_ACTIVITY	796	55	2019	2218	1396	3342	997	3565	1723	4208	959	5629	7027	3234	3640	768	909	5096	5204
CARBOHYDRATE_TRANSMEMBRANE_TRANSPORTER_ACTIVITY	2973	2812	485	6290	1596	2838	3063	8940
POTASSIUM_CHANNEL_ACTIVITY	5305	2731	442	6707	7819	1277	4110	8091
CHEMOKINE_RECEPTOR_BINDING	2003	9363	6163
MONOOXYGENASE_ACTIVITY	1241	4022	3631	421
RHODOPSIN_LIKE_RECEPTOR_ACTIVITY	115	4897	2377	7726	7039	6384
KINASE_INHIBITOR_ACTIVITY	6010	3291	2303	3169	1628	8490	3696	8181	6752	5320	6992	6774	6744	3747	8055	4060
TRANSCRIPTION_COREPRESSOR_ACTIVITY	1462	6039	6823	3217	7895	1840	4681	4772	487	1659	7354	2825	7382	1537	6806	788	1903	5824	532	1325	9753	2807	5466	7014	2900	8701	4683	6813	3969	695	482	3226	2979	4623	8414	6353	5910	7703	6415	7507	4736	3193	7042	1809	6444	1805	6140	5282	6243	6700	7770	4215	2064	7508	1522	3690	780	5457	208	1458	5190	8433	7047	1908
PEPTIDE_RECEPTOR_ACTIVITY	4897	2377	7726
DEOXYRIBONUCLEASE_ACTIVITY	1462	4269	5826	194	6682	1884	7390	4039	7285	6750	3667	3586	10081	2526	2491	9187
PHOSPHOINOSITIDE_BINDING	2634	1605	5766	774	4750	1549	2348	1009	6438	334
HYDROLASE_ACTIVITY_ACTING_ON_CARBON_NITROGEN_NOT_PEPTIDEBONDSIN_CYCLIC_AMIDINES	8459	4402	3594	3796	1447	580
ATPASE_ACTIVITY_COUPLED	3743	2828	2952	8908	5837	466	6106	4767	673	7289	781	711	471	217	8105	2511	5116	5533	6369	3182	8673	7053	5600	5470	7222	6902	2328	6549	1343	1079	541	6427	7278	9318	4189	4607	628	4128	4669	389	4329	5018	8170	4610	3899	1381	1205	3523	4575	410	8520	219	6008	38	3909	7887	8877	4403	9789	3780	2775	45	2939	885	8399
G_PROTEIN_COUPLED_RECEPTOR_ACTIVITY	3088	112	115	7221	227	4897	8374	2636	734	2377	7726	7039	7568	6384	1938	4791
TRANSCRIPTION_ACTIVATOR_ACTIVITY	2265	1462	2847	4813	2696	3540	2864	4748	2455	181	4935	8694	3055	55	5517	4065	3160	2019	2191	1396	3015	1810	2891	2016	5510	3445	3355	7128	3475	4299	254	2215	3602	5389	7014	611	2868	5921	3397	7361	5425	2399	120	1833	5877	6322	4167	3956	5577	8193	8145	5540	695	8301	1749	5629	8683	3739	403	839	1800	590	7743	7511	7703	6480	6575	5895	2270	5573	1597	1505	6444	10066	3906	193	3294	384	5785	3304	8149	8860	7373	908	3507	7211	4513	588	2140	939	768	1437	8072	1923	909	2483	3681	7598	4308	1001	273	2507	1149	8625	1859	3155	1461	10322	208	3537	1458	5190	66	3134	6182	1657
COFACTOR_BINDING	7874	1263	3761	6221	1131	8	4275	3748	3252	8285	2457	4779	2705	8136
TRANSLATION_FACTOR_ACTIVITY_NUCLEIC_ACID_BINDING	8908	3055	1700	4953	2310	2956	706	2614	4966	1206	3957	3404	3692	1953	7960	1386	1765	1742	5650	512	2588	2244	1995	3848	1703	8343	5002	2309	3019	702	7101	481	7605
NEUROPEPTIDE_HORMONE_ACTIVITY	10168
ENDORIBONUCLEASE_ACTIVITY	1462	4392	1445	7285	6750	1759	1838	7111	5195	5397	3299
VOLTAGE_GATED_CATION_CHANNEL_ACTIVITY	617	7816	5305	2731	442	6707	1277	8091	2894
DNA_POLYMERASE_ACTIVITY	3708	1574	697	511	7380	7487	1416	5161	4584	4206	1565	411	2288	127	3617
ACTIN_BINDING	1269	1061	9261	169	10177	10165	2737	852	2634	4800	540	3102	655	4191	5362	1204	7534	8468	307	2861	405	4380	3667	5538	3899	1381	1276	4468	6073	3034	6288	5083	7949	8562	2629	5876	4642	8526	3720	10379	310	5721	2691
ION_BINDING	1262	4790	1401	9261	4053	3761	7512	7517	6369	3182	1131	4558	175	5825	7629	3555	2285	3471	2553	7256	147	4859	7461	1406	2328	3734	5172	5780	1659	6682	934	3484	4967	1605	6276	6126	605	3837	4676	2622	8	1409	2672	6422	6529	2386	4150	2868	2116	6802	2486	3196	6206	2293	2366	7498	835	8536	748	1026	7379	4113	8680	7904	1664	1226	2703	5184	7265	580	1002	1052	10081	684	7164	10449	6006	2148	858	4575	4285	2894	1852	6239	2049	2273	4749	7076	7129	638	394	2855	2789	3170	526	8869	2533	7548	9196	8353	6211	8704	8411	660	850	2683	41	6304	6170	4710	2047	1248	4074	2858	1762	2381	9057	1497	1103	4030	1290	5294	1430	4665	828	3907	8921	1458	5190	6638	6396
3_5_EXONUCLEASE_ACTIVITY	1462	3684	815	2487	2491	7133	819	9187	6382
TRANSCRIPTION_REPRESSOR_ACTIVITY	1462	288	6039	6823	3300	3217	2521	275	7895	1840	4681	4318	4772	487	1659	7354	2825	7382	1537	6806	788	3015	1903	422	6614	5824	1409	637	1219	8181	6752	532	1325	9753	3401	2807	6134	3602	5466	7014	3090	2900	8701	4683	6813	3969	695	482	3226	2979	5629	4623	8414	6353	5910	8154	7703	6415	1330	7507	4736	3193	6575	9303	2180	7042	4578	2376	1809	6444	5062	1805	986	904	8858	384	6140	5282	6243	6700	7770	4215	2064	7508	1522	3690	780	5457	208	1458	7604	5190	8433	7122	7047	6921	1657	1908
TRANSFERASE_ACTIVITY_TRANSFERRING_ALKYL_OR_ARYLOTHER_THAN_METHYLGROUPS	222	8275	6753	3398	5423	3973	9135	6776	1431	5235	6798	5185	6294	6262	1481	1602	2749	355
COLLAGEN_BINDING	4764
SEQUENCE_SPECIFIC_DNA_BINDING	2521	7053	5517	7942	4676	2891	4299	5272	3140	4753	4459	3959	3586	4575	3545	8038	8778	6563	4684	689	8072	742	5132	3861	6547	1197	3690	1045
CYCLIC_NUCLEOTIDE_PHOSPHODIESTERASE_ACTIVITY	7240	2421	3194	584	8953
NUCLEAR_HORMONE_RECEPTOR_BINDING	8855	4299	7084	3360	2127	7680	7361	120	6322	4167	5540	8683	7703	6415	9088	5573	1505	939	4386	429	5468	3537	2097
KINASE_ACTIVATOR_ACTIVITY	6821	23	4748	7461	2257	7098	119	7217
PROTEIN_DEACETYLASE_ACTIVITY	2736	1409	6124	8427	7058	1219	5089	660
GUANYL_NUCLEOTIDE_BINDING	3986	6401	3812	4388	4867	3967	7119	2137	5619	2956	8910	6201	1352	2069	7586	2410	10081	3246	77	3822	1989	4869	6744	4839	5578	970	2785	1036	3324	3135	1083	2500
DEAMINASE_ACTIVITY	8459	3594	2493
DNA_DIRECTED_DNA_POLYMERASE_ACTIVITY	1574	697	511	7380	7487	1416	5161	4584	4206	1565	411	127
ENZYME_INHIBITOR_ACTIVITY	6252	6660	4808	7845	6245	4714	9150	3700	1131	6010	4483	8559	3291	2303	3169	6937	1541	1628	8033	8490	3696	6874	3850	9836	8181	6752	3918	4593	6317	5320	1816	7688	6992	6774	9278	7965	2850	5943	4632	3151	6744	239	2597	6955	3828	5227	6130	2922	3747	8055	1697	4060	1103	1611	314	5007	503	6980
TUBULIN_BINDING	4045	2746	4867	3967	1571	3363	3691	1131	2634	4241	5356	8694	776	6131	3702	5746	4470	307	6710	8170	6970	4380	3667	1535	8185	88	758	697	7076	171	5951	1501	2840	3052	3419	5461	3531	3237
PRIMARY_ACTIVE_TRANSMEMBRANE_TRANSPORTER_ACTIVITY	3743	2828	2952	8908	5837	466	6106	4767	673	7289	781	711	471	217	8105	2511	5116	5533	6369	3182	4329	2002	9789
PHOSPHORIC_DIESTER_HYDROLASE_ACTIVITY	1462	7240	2421	3194	584	8953	6570	4345	2582	1849	6492
RNA_DEPENDENT_ATPASE_ACTIVITY	8673	1343	1079	541	6427	7278	9318	4189	4607	628	4128	4669	5018	8877	45
INOSITOL_OR_PHOSPHATIDYLINOSITOL_PHOSPHATASE_ACTIVITY	3942	4652	6801	5179	6161	1047	3111	7073	5771
NUCLEOBASENUCLEOSIDENUCLEOTIDE_AND_NUCLEIC_ACID_TRANSMEMBRANE_TRANSPORTER_ACTIVITY	1110	3337	5348	46	2442	7305	5685
LIPID_KINASE_ACTIVITY	5232	1406	168	863	3095	412	1919	1890	2820	4690
ENDOPEPTIDASE_ACTIVITY	6230	3363	3691	2133	3423	6273	527	8570	6318	2856	4804	4967	3737	4592	2632	2975	6656	1436	176	1664	6570	2073	3114	6419	1005	913	7230	891	1701	8587	7086	4239	4040	6017	1609	465	1554	4111	5599	2542	2334	8215	4424	3267
MAGNESIUM_ION_BINDING	1262	4790	4859	1406	3484	3837	4676	8	6422	2386	835	8536	748	1026	1226	2703	580	1052	10081	7164	4575	4749	6211	6170	1248	4074	2858	1762	2381	9057	1497	1103
STRUCTURAL_MOLECULE_ACTIVITY	807	5197	4053	3664	6113	2297	10165	6032	1714	5350	2082	8613	5764	1644	469	1258	5362	7134	5766	1231	5263	6126	5029	3793	2480	7085	375	119	8185	212	8597	5774	7881	9238	7797	2325	7131	6051	3558	3004	7345	507	3333	5088	1205	318	4316	4234	3034	4739	6620	4730	8306	7313	1888	2101	3105	2722	8632	2550	5961	3759	6507	2086	5981	1374	5615	715	2194	4258	4993	8761	7291	3122	1105	5133	5167	5920	6156	1116	4342	7523	3284	4729	2405	2264	6301	2621	3999	1843	9771	1864	4617	124	8157	4399	8566	7548	9861	9196	5230	4987	8606	3628	978	4280	7074	4752	6984	7996	3135	7949	8562	2629	5876	1148	474	4573	8660	3505	790	3757	320	4156	261
SIALYLTRANSFERASE_ACTIVITY	116	5673	3415	2235	2656	530	773	5871
DOUBLE_STRANDED_RNA_BINDING	4269	1445	448	4838	3602	5407	3247	338	4509	2515
IONOTROPIC_GLUTAMATE_RECEPTOR_ACTIVITY	
ACETYLGLUCOSAMINYLTRANSFERASE_ACTIVITY	6029	6724	714	5919	5099	6365	1024
RECEPTOR_BINDING	735	3518	6903	1815	9261	4053	4714	211	3328	5711	56	2003	4273	6330	3626	9363	10168	6163	8855	5553	4261	1027	4009	5362	4065	6834	3318	4810	6275	2447	6697	4547	7669	941	4470	307	5360	3180	1618	1161	5119	7543	283	2462	4299	6529	2141	4315	2490	6812	1261	5426	7084	2636	7854	7521	6206	2257	3360	2127	7680	7361	120	6322	4167	10136	5540	5088	7163	5715	8683	8414	8563	4510	7703	6415	6988	9088	1339	4995	6225	5573	7099	1505	1056	4997	4324	8235	5887	8019	2171	939	1437	8055	1151	8644	5918	792	6376	4386	9789	1859	4144	429	1268	3155	5468	8367	8260	2439	698	4017	6904	3537	2097
SERINE_HYDROLASE_ACTIVITY	6230	8570	2134	3737	4592	2632	6656	3114	1005	4239	6497	4040
NF_KAPPAB_BINDING	4748	5252	8033	951	1472	7743	7175	4650	4825
RECEPTOR_SIGNALING_PROTEIN_ACTIVITY	2572	4855	4813	5634	8736	6330	2303	8855	6478	3538	8106	4818	4315	6999	7969	6812	3697	7200	772	8757	1012	8536	4081	1797	1317	2379	6515	2041	407	1052	312	4690	5573	5916	5887	4215	4132	2640	6762	7931	6122	6125	1199
CARBON_CARBON_LYASE_ACTIVITY	5266	2178	3205	10396	958	3838	3562	2650	3748	1681	6615	2673	2558	3414
LIGASE_ACTIVITY_FORMING_CARBON_OXYGEN_BONDS	2686	5024	7622	1947	564	6567	5392	4000	7089	286	8887	4017
PROTEIN_BINDING_BRIDGING	4417	4053	7360	1134	10165	668	3561	1942	1303	1258	5333	34	6614	5475	1385	1943	7543	8650	3090	18	9181	2491	5893	5916	270	1235	8062	3735	1059	2022	4640	5581	1494	1394	4227	1697	4637	4825
RECEPTOR_ACTIVITY	6352	2572	5801	1092	3088	2455	3116	7584	5884	147	2809	7239	112	3047	911	6867	6915	670	115	6486	5503	3102	5098	4835	10255	1948	1806	856	1094	1412	321	7690	1753	5571	5360	7221	227	4897	8374	501	8911	4709	5773	268	5775	4574	8498	2245	10269	1828	5102	6770	6999	1638	5301	1256	4480	2636	734	3196	681	5664	6206	5500	20	7028	3360	2127	7680	7361	120	6322	4167	2167	5428	1253	5820	3035	5834	2497	2377	7726	2113	963	6222	2563	6225	2376	267	6133	629	2680	8110	7039	2430	3869	927	5462	3821	4754	4937	5422	7212	5531	6983	6815	6695	3384	8149	8860	6169	762	259	8235	8019	1853	4891	6759	8541	6122	3430	429	7568	5703	616	533	1347	614	8921	6384	1199	1938	4791
DEACETYLASE_ACTIVITY	2736	1409	6124	8427	7058	1219	5089	660
TRANSMEMBRANE_RECEPTOR_ACTIVITY	2572	3088	5884	147	112	3047	911	6867	6915	670	115	5098	4835	10255	1948	856	321	1753	5571	5360	7221	227	4897	8374	8911	4709	5773	268	5775	4574	8498	2245	10269	1828	5102	6770	6999	1638	2636	734	681	5664	6206	20	5428	1253	5820	2377	7726	2113	963	2563	6225	7039	2430	3869	927	5462	3821	4754	4937	5422	7212	5531	6815	6695	6169	8541	6122	7568	5703	616	8921	6384	1199	1938	4791
VOLTAGE_GATED_SODIUM_CHANNEL_ACTIVITY	2894
PROTEIN_KINASE_REGULATOR_ACTIVITY	6821	23	4045	6010	7461	3291	2303	3169	1628	3958	2218	8490	3696	8181	6752	683	2257	119	5320	6992	6774	2164	3747	8055	4060
PHOSPHOLIPASE_C_ACTIVITY	6570	4345	2582
LIGAND_GATED_CHANNEL_ACTIVITY	12	3047	911	7825	2113	4063	6011	5083	1280	4955
RHO_GUANYL_NUCLEOTIDE_EXCHANGE_FACTOR_ACTIVITY	23	833	3872	2746	6204	4009	2690	5603
DOUBLE_STRANDED_DNA_BINDING	4269	6094	487	4039	6750	6242	5420	6134	5341	824	1226	2703	3524	552	3133	8038	410	2300	5446	5883	7836	7373	5132	4665	885	8399	583	798
SMALL_GTPASE_BINDING	6352	23	3812	2746	655	1741	1612	5039	3474	7687	3334	595	8957	3940	8693	1662	2682	219	1298	5443	287	133	5765	6650	2597	1388
PATTERN_RECOGNITION_RECEPTOR_ACTIVITY	
OXIDOREDUCTASE_ACTIVITY_ACTING_ON_THE_CH_CH_GROUP_OF_DONORS	5334	2794	8357	753	914	2708	7160	1883	3577	2730	4779	349	767	8879
ATP_DEPENDENT_DNA_HELICASE_ACTIVITY	5470	7222	6902	2328	4128	5018	4575	38	7887	885	8399
TRANSCRIPTION_FACTOR_ACTIVITY	2095	1990	7124	743	288	4813	3188	6039	3540	2864	5601	5592	3217	1952	635	2250	5303	6291	6872	8714	2867	5063	55	2302	1659	2685	7382	1537	2396	8952	2019	3032	3023	3451	788	1396	10310	4469	7942	6974	2891	7984	6018	5510	4817	92	2031	1982	7692	2736	8427	4914	6312	1442	1325	4299	6242	8035	254	5939	9221	7524	5530	2900	2868	4756	1304	3397	4683	695	5184	8301	482	1492	4262	1749	1002	1653	3739	950	2702	403	5145	6353	2188	839	1030	9	3040	590	156	3695	6950	7511	2497	6952	95	457	5607	2461	2418	1400	2771	7765	3408	4776	5374	6306	8038	4526	6713	5782	7175	1805	3798	904	2789	526	8778	5785	229	8149	7013	149	373	1595	3346	3507	1825	6418	7292	1701	3292	8072	742	2640	6762	3441	7238	6553	9113	2179	8572	5204	4125	3052	4300	4620	1511	2081	1071	1149	8625	7508	3430	4665	3268	3060	3690	5680	2898	5457	301	1898	4700	1348	583	3485	1458	2772	8933	5190	4609	5403	6363	7593	7281	3385	8394	2663	8936	1704	4242	8156	6483	7080	6432	7646	75	7047	6370	3266	1908	3847
ENDONUCLEASE_ACTIVITY	9261	1462	4392	1445	1884	7390	4039	7285	6750	3586	864	552	2526	1759	1838	7111	2491	5195	5397	3299
PDZ_DOMAIN_BINDING	207	12	8374	7073	1309
TRANSMEMBRANE_RECEPTOR_PROTEIN_PHOSPHATASE_ACTIVITY	3869	927	5462	3821	4754	4937	5422	7212	5531
EXONUCLEASE_ACTIVITY	1462	4269	7285	3684	815	6750	2487	2491	7133	819	9187	6382	1100
ACTIN_FILAMENT_BINDING	10165	655	5362	1204	8468	405	4380	3667	5538	3899	1381	3034	6288	5083	8526
CALCIUM_CHANNEL_ACTIVITY	617	7816	6486	7825	4955	8442
ACETYLCHOLINE_BINDING	3047	911	6867	6915
STRUCTURE_SPECIFIC_DNA_BINDING	4269	6094	487	7390	4039	6750	6018	6242	4097	3140	5420	6134	3875	5341	824	1226	2703	3524	552	6851	3133	3545	8038	5065	7631	2917	410	2300	5446	2849	1969	5883	7836	7373	2483	5132	3861	6547	4665	9187	990	5512	885	8399	583	798
CYTOSKELETAL_PROTEIN_BINDING	4228	4417	1269	735	1061	9261	169	4045	602	2746	4867	3967	10177	10165	1571	3363	3691	7405	1131	2737	852	2634	6084	4241	5356	8694	4800	776	6131	3702	540	469	357	3102	655	4191	809	5362	5746	1204	7534	8468	4470	307	6710	7241	8170	434	6970	2861	405	4380	3667	119	4465	1535	8185	5538	88	3899	1381	103	1276	758	3590	4468	6073	2894	3034	697	7076	171	5951	1501	7737	6288	5083	7949	8562	2629	5876	4642	2840	8526	3720	3052	4271	3573	3419	5461	3531	10379	3237	310	5721	2691
DNA_DEPENDENT_ATPASE_ACTIVITY	7053	5470	7222	6902	2328	4128	389	5018	4575	410	8520	6008	38	3909	7887	4403	3780	2775	885	8399
AUXILIARY_TRANSPORT_PROTEIN_ACTIVITY	4810	669	6908	9332	6563	792	5838
POTASSIUM_CHANNEL_REGULATOR_ACTIVITY	669	6908
PHOSPHOLIPASE_A2_ACTIVITY	7976	4071	2833
MOTOR_ACTIVITY	510	4577	4455	5746	4385	434	895	4338	4753	1531	1162	6970	6723	3899	1381	1205	1276
NUCLEOTIDE_KINASE_ACTIVITY	2009	32	5086	809	6738	4858	2160	2909
AMINOPEPTIDASE_ACTIVITY	2133	6275	6276	2486	6217	2292	4639	6497	2078
STEROID_BINDING	3949	2946	2230	1573	6222	2713	3781
STEROID_HORMONE_RECEPTOR_BINDING	8855	5540	8683	7703	6415	5573	1505	3537
PHOSPHOPROTEIN_PHOSPHATASE_ACTIVITY	1518	1423	486	7095	809	2993	4889	934	5712	2161	3043	4387	4493	6237	7987	2416	7854	1379	5994	1043	1440	4367	2620	6239	7127	1786	9422	6606	173	2929	7073	7952	6450	8395	7635	3520	7372	3976	686	1078	4866	3869	927	5462	3821	4754	4937	5422	7212	5531	1355	1844
EXTRACELLULAR_LIGAND_GATED_ION_CHANNEL_ACTIVITY	3047	911	2113	4063	1280
HORMONE_ACTIVITY	1815	10168	5119	8563
SERINE_TYPE_ENDOPEPTIDASE_INHIBITOR_ACTIVITY	4714	6955	3828	5227	6130
PROTEIN_SERINE_THREONINE_TYROSINE_KINASE_ACTIVITY	6810	302	835	2379	2571	1106
TRANSFERASE_ACTIVITY_TRANSFERRING_ONE_CARBON_GROUPS	9275	4402	3833	3707	2962	2019	779	7741	1975	4377	3635	5776	8977	326	6415	322	2999	3436	1415	3859	1562	1582	7588	4304	2039	5130
OXIDOREDUCTASE_ACTIVITY_ACTING_ON_NADH_OR_NADPH	8985	1357	572	3644	8121	4478	240	5759	9172	6268	2626	2267	2457	7733	3279	3521	6416
CARBOHYDRATE_KINASE_ACTIVITY	5823	5621	5799	4365	3223	4698	5405	608	5105	1578	1218
CHLORIDE_CHANNEL_ACTIVITY	12	2586	2894
HEMATOPOIETIN_INTERFERON_CLASSD200_DOMAIN_CYTOKINE_RECEPTOR_ACTIVITY	5360	4709	5773	268	5775	2245	10269	5102	6770
CARBOXYLESTERASE_ACTIVITY	7153	3054	7976	4071	1920	9278	2833
RHO_GTPASE_ACTIVATOR_ACTIVITY	5791	1134	1464	2726	1129	1276	219	2690
STRUCTURAL_CONSTITUENT_OF_CYTOSKELETON	807	5197	3664	6113	2297	10165	6032	5350	2082	8613	1258	5362	5766	1231	8185	5088	3034	8562	2629	5876	790	3757	4156	261
PATTERN_BINDING	3514	9261	2462	4789	6206	2256	1946	128	2566	5981	2439	6638
INTERLEUKIN_RECEPTOR_ACTIVITY	2245	10269	5102	6770
TRANSCRIPTION_FACTOR_BINDING	2265	6493	1462	4813	2696	6039	6823	2864	3217	4748	668	7895	7053	6466	2455	1840	181	4681	2848	5252	3055	2867	55	4772	487	5811	1659	7354	2825	7382	8087	4065	1537	6806	3160	2019	5752	788	1396	6080	1903	8033	8468	3367	7984	5510	5824	951	3355	7128	2736	6124	8427	7058	637	5089	4914	532	1325	4299	8345	9753	254	2215	2807	3435	5466	7084	5389	7014	2900	2868	8701	4756	5921	3397	4683	6813	3360	2127	7680	7361	5425	2399	120	1833	5877	6322	4167	3956	5577	3969	8145	5540	695	8301	482	3226	2979	3827	1749	1723	959	5629	1756	8683	4623	8414	950	403	6013	6353	839	1472	1800	5910	590	3213	7743	7511	7703	6415	9088	1662	7507	6480	5208	4736	3193	1073	7042	5895	2270	5573	1809	1597	1505	6444	1056	8038	5065	10066	7175	1805	3906	193	305	8149	8860	6140	5282	6243	6700	7770	660	4215	7373	908	3507	7211	4513	588	2140	939	768	8508	1437	1923	909	2431	6762	1497	2483	2064	3681	4650	7598	1001	273	2507	1149	6046	8625	2534	7508	429	8454	4942	4825	8409	3268	1522	3155	3690	1461	5468	720	8388	780	5457	3966	208	6338	1458	5190	66	3134	8433	7047	1908	2097
PROTEIN_KINASE_BINDING	4346	244	3719	2881	4045	4748	6010	2634	2423	147	4241	3169	3407	809	8033	7669	2891	8742	6852	7969	5854	8585	3113	7854	3793	835	772	119	4465	6073	1339	6416	927	7133	7175	5984	8055	5918	3780	837	4886	1522	6904	1184
TRANSMEMBRANE_RECEPTOR_PROTEIN_TYROSINE_KINASE_ACTIVITY	4835	10255	1948	856	321	4574	8498	6999	2430	6815	6169	8921	1199
PHOSPHOLIPASE_ACTIVITY	3054	6570	7976	4345	2582	1849	4071	2833	6492
PROTEIN_HETERODIMERIZATION_ACTIVITY	5837	281	4404	7063	1131	1793	5736	6599	8736	5884	2848	836	9171	399	1442	8170	4610	4803	5806	7743	5185	6294	2496	1880	4328	2923	2897	5578	2785	4717	4324	746	4238	2079	2516	9113	8369	4509	3780	837	4665	828	1484	4940	1555	3237
OXIDOREDUCTASE_ACTIVITY_ACTING_ON_THE_ALDEHYDE_OR_OXO_GROUP_OF_DONORS	8586	740	3877	2401	4766	10396	958	1932	6728
ATPASE_ACTIVITY	3743	2828	2952	8908	5837	466	6106	4767	673	7289	781	711	471	217	8105	2511	5116	5533	6369	3182	8673	7053	5600	5470	7222	6902	2328	6549	1343	1079	541	6427	7278	9318	4189	4607	628	4128	4669	6080	389	4329	5018	8170	4610	434	1226	2703	3899	1381	1205	1276	3523	1339	4575	2923	1453	184	1056	1421	410	8520	219	6008	38	3909	384	7401	7887	8877	4403	9789	3780	2775	45	6374	2939	3274	885	8399
METAL_ION_TRANSMEMBRANE_TRANSPORTER_ACTIVITY	7289	781	711	471	217	617	7816	7256	3047	911	6486	6355	5301	1256	5305	2731	442	6707	7819	1277	4110	8091	7825	2113	4063	2894	6011	5083	2281	1747	5003	4419	581	4955	8442
HYDROGEN_ION_TRANSMEMBRANE_TRANSPORTER_ACTIVITY	8105	2511	5116	5533	84	6482	206	3730	3723	7592	4139	2693	3736	7441	6498	2457	8689	581	5163	138	7231
PROTEIN_C_TERMINUS_BINDING	1262	3300	8929	7405	4748	3963	2848	3059	1730	5811	6696	5434	809	3851	5362	1252	1396	1810	6080	7390	6862	7315	2910	4746	7854	7288	5316	1535	1226	2601	3187	702	3523	2148	5405	1339	2894	6198	410	4717	8411	551	7211	4513	2618	8072	1001	3780	837	6168	8215	5391	3485
GTPASE_ACTIVITY	4855	3986	6735	28	6401	1520	1464	3038	3143	8252	7409	708	2008	1069	2162	3692	1444	1081	5057	2989	491	2545	554	5590	1068	3538	870	7116	10229	1703	7120	2069	7903	1955	8729	8044	4372	3246	678	5701	1764	2348	1891	4921	2319	2150	7389	9431	810	4183	3542	6878	3822	2735	3316	1989	627	4869	5552	7488	2785	3437	3948	7996	7992	2500
INORGANIC_CATION_TRANSMEMBRANE_TRANSPORTER_ACTIVITY	7289	781	711	471	217	8105	2511	5116	5533	7256	84	6482	206	3730	3723	7592	4139	2693	3736	7441	6498	6355	5301	1256	2457	2281	1747	5003	4419	8689	581	5163	138	7231
TRANSFERASE_ACTIVITY_TRANSFERRING_PHOSPHORUS_CONTAINING_GROUPS	2572	5591	2009	32	4715	1848	4644	5232	1722	8864	2285	5086	4859	8054	3195	6330	7461	3963	3980	1406	7933	2333	9130	3164	6467	190	7449	7637	640	2468	1015	1303	2508	4670	9220	3919	1524	705	8893	486	5593	563	836	475	4968	5218	2593	3708	809	1818	2030	7104	6738	5682	3484	4835	10255	1033	448	7092	3571	1948	4475	7067	856	321	6355	7603	5823	951	2269	4858	2251	5621	5799	4574	8498	4818	6495	6999	3473	7969	2471	4344	4857	4365	5281	7831	6317	6810	302	835	3697	7200	772	6896	8757	1012	8536	4081	2075	1797	6701	713	183	1317	2379	676	6515	2041	407	6049	2571	1106	748	88	5425	4664	887	1296	2160	2283	864	108	2842	2590	1052	10081	156	1688	7164	5229	7695	4461	6703	5931	8098	5382	636	4619	5846	3223	4698	5405	608	1600	1055	615	358	5643	5541	10195	4806	5342	7275	168	863	3095	412	1919	1890	2820	4285	1594	4690	4841	620	6548	4742	6097	1574	697	511	7380	7487	1416	5161	4584	4206	1565	411	4898	1852	48	7532	8135	2478	1402	5962	8610	5038	4749	7781	267	6133	629	2680	7947	5105	1578	2288	3046	2430	6729	127	4296	1755	7898	2365	634	3992	6815	2843	7495	1454	7393	6169	2883	4640	5660	6170	1248	4074	2858	2666	6297	930	8875	1762	2381	9057	1497	5096	5270	4060	4105	3617	2014	703	6122	2472	2909	6674	6523	8674	5488	503	7109	7201	722	8921	752	2441	5314	1866	1199	2799	6881	5384	7493	1554	1452	488	6368	3442	6555	1218
NUCLEOBASENUCLEOSIDENUCLEOTIDE_KINASE_ACTIVITY	5591	2009	32	5086	5593	2593	809	6738	4858	2160	864	10081	156	1688	2909	6674	6523
GTPASE_ACTIVATOR_ACTIVITY	5816	10212	602	5791	1134	1464	4558	1942	5290	2726	1129	1276	8445	785	2682	2897	171	5951	219	1398	2208	4997	5580	8117	1912	2307	1142	6829	4792	2763	4466	7847	2107	2690	1687
PEPTIDASE_ACTIVITY	1990	6230	4428	1571	6740	3363	3691	2133	3423	6273	4458	6433	527	8570	3734	3357	2134	6318	2856	4804	4967	6275	6276	3737	4592	4322	2632	2975	6656	1436	2486	8386	176	6217	2292	1664	4639	5882	6570	3254	2073	3114	6419	868	1005	913	7230	891	6192	3519	1701	8587	7086	4239	6497	4040	2901	680	6017	1609	5399	465	1554	4111	5599	4783	2542	2334	4984	8215	4424	3267	2547	7338	2078	984
ION_CHANNEL_ACTIVITY	617	7816	12	3047	911	2586	6486	5305	2731	442	6707	7819	1277	4110	8091	7825	2113	4063	963	2894	6011	5083	1280	4955	8442	8229
SMALL_PROTEIN_CONJUGATING_ENZYME_ACTIVITY	5801	6251	4671	7436	427	1109	4951	243	1119	2250	1222	4011	8762	389	6588	2252	1351	2927	1044	7098	4113	103	4305	1697	7342	2500	7337	3769	2190	6912	7808	8168	862	8081	5624	3689	126	1603	4904	1774	5144	3174	8645	5873
CYSTEINE_TYPE_ENDOPEPTIDASE_ACTIVITY	3363	3691	2133	3423	6273	527	6318	4804	1436	6570	1701	6017	1609	465	1554	4111	5599	2542	2334	8215	4424	3267
PROTEIN_DIMERIZATION_ACTIVITY	7874	5837	4346	23	3761	3700	281	4404	7063	1131	1793	1873	2634	5736	6599	8736	5884	147	2848	6457	3702	3581	2808	1541	836	1605	1033	4039	1618	595	9171	399	1442	6422	2033	1327	916	8170	4610	8701	3697	7200	772	8536	4803	2859	6447	1226	2703	1381	1276	5806	10293	7743	2615	5185	6294	962	2496	1880	4328	2923	1717	2897	5578	2785	6085	8594	4717	4324	1264	581	6563	4684	746	4238	2079	2516	3611	8072	1762	1497	9113	8369	5204	4509	1071	3780	837	4665	828	9187	1484	1687	4940	1555	3237	8136	4255
CHANNEL_REGULATOR_ACTIVITY	4810	669	6908	9332	792	5838
TRANSFERASE_ACTIVITY_TRANSFERRING_PENTOSYL_GROUPS	8767	6422	4861	3530	1716	9129	1259	4706	3271	850	7197	2558	7926
SIGNAL_SEQUENCE_BINDING	5711	1870	4184	2527	7823	1634	2116	1472	3295	6116	2584	961	1881	258
MONOVALENT_INORGANIC_CATION_TRANSMEMBRANE_TRANSPORTER_ACTIVITY	8105	2511	5116	5533	84	6482	206	3730	3723	7592	4139	2693	3736	7441	6498	2457	8689	581	5163	138	7231
STRUCTURAL_CONSTITUENT_OF_MUSCLE	1205	318	7949	4573	8660
L_AMINO_ACID_TRANSMEMBRANE_TRANSPORTER_ACTIVITY	339	2367	2683	41	1633	7515	5302
PROTEIN_PHOSPHATASE_BINDING	244	4995	9278	2923	8774	2759	4710
OXIDOREDUCTASE_ACTIVITY_ACTING_ON_CH_OH_GROUP_OF_DONORS	2818	1014	8350	423	5933	6221	7725	1466	4275	391	4460	997	4364	747	1049	3949	3808	1534	632	1962	7553	1062	3996	2344	204	944	5113	1202	3057	732	2705	1776	2214
COENZYME_BINDING	1263	6221	8	4275	3748	3252	8285	2457	4779	2705	8136
GTPASE_BINDING	6352	23	3812	2746	655	1741	1612	5039	3474	7687	3334	595	8957	3940	8693	1662	2682	219	1298	5443	287	133	5765	4997	6650	2597	1388
GROWTH_FACTOR_BINDING	2572	6472	6457	4833	4574	2245	10269	5102	6770	874
ENZYME_BINDING	7874	6352	4346	244	3719	2881	160	23	4045	3812	2746	4951	3700	4748	7063	7895	175	6010	1950	2634	2423	147	4241	3169	3407	2419	655	2708	809	1741	8033	1612	5039	3474	7687	7669	2891	7984	250	3334	595	8742	2736	1409	8427	1219	1442	6852	4574	6999	8957	3940	8693	7969	6812	5854	8585	3113	7854	3793	835	772	119	4465	8185	1026	4113	7217	1472	1181	2946	1662	1630	7507	6073	1339	4995	9278	2923	6416	6198	927	2682	7133	219	1298	5443	287	133	5765	4997	4526	7175	6650	5984	2597	1965	1388	660	4272	8774	2759	8055	4710	5918	2342	8369	3780	837	8552	4665	4886	1522	8081	3714	4050	3237	2165	6904	7604	1184	8272
CHROMATIN_BINDING	4209	4269	2521	2121	3139	5064	2610	6642	5788	2153	6755	3289	8683	6415	5000	1574	511	7487	3822	7683	768	746	1582	8754	3780	837	4665	45
LIPID_TRANSPORTER_ACTIVITY	6352	5837	8896	466	1721	4501	3949	3196	4660	4635	7277	2263	8265	7304
PURINE_RIBONUCLEOTIDE_BINDING	3743	8507	2577	2952	8908	293	5837	1262	8767	3986	6401	3812	4388	4867	3967	6369	3182	1722	2051	4859	12	7119	8446	5218	4607	1818	2137	3484	5619	2956	4669	307	8	8910	6201	1352	2069	7586	2410	916	6232	2386	5281	8536	1797	6701	713	183	748	1026	4664	887	1296	1226	2703	3899	1381	1276	864	1052	1181	10081	4851	4412	7164	7226	968	3523	1600	4575	4285	2923	4749	6133	6729	3246	410	77	3822	315	395	1989	4869	6744	4839	5984	1454	5578	970	2785	1036	3324	3135	2516	6170	1248	4074	2858	6297	930	1762	2381	9057	1497	8674	4239	4665	1083	7201	2500	752	10379	3862	488	6368	3442
AMINE_BINDING	3047	911	6867	6915	8
ORGANIC_ACID_TRANSMEMBRANE_TRANSPORTER_ACTIVITY	339	2367	5554	5090	2163	2689	1853	7875	2683	41	1633	7515	5221	3753	5302	1694	1672
UNFOLDED_PROTEIN_BINDING	4651	2265	6114	2649	5070	4107	1867	6642	5788	5439	8286	1712	4135	6019	2195	8884	2459	4907	784	6206	3386	8964	7743	8372	6542	2288	1606	7887	8587	9789	3008	7236	4239	4236	2476
TRANSITION_METAL_ION_BINDING	1262	4790	1401	9261	3761	7512	7517	6369	3182	1131	175	2553	7256	147	2328	3734	5172	5780	1659	934	3484	4967	1605	6276	605	1409	4150	2868	2116	2486	2293	4113	8680	1664	5184	7265	1002	2148	858	4285	1852	6239	2273	7076	638	2789	3170	526	8869	2533	7548	9196	8704	8411	660	850	6304	4710	4030	1290	5294	1430	4665	1458	5190	6638	6396
OXIDOREDUCTASE_ACTIVITY_ACTING_ON_THE_ALDEHYDE_OR_OXO_GROUP_OF_DONORSNAD_OR_NADP_AS_ACCEPTOR	8586	740	3877	2401	4766
SH3_SH2_ADAPTOR_ACTIVITY	4417	7360	1134	3561	1942	1303	5333	5475	1385	1943	7543	8650	3090	18	9181	5893	5916	270	1235	8062	3735	1059	2022	4640	5581	1494	4227	4637	4825
SMALL_CONJUGATING_PROTEIN_LIGASE_ACTIVITY	5801	6251	4671	7436	427	1109	6481	243	1119	2250	1222	4011	8762	389	6588	2252	1351	2927	1044	7098	4113	103	193	4305	1697	7342	2500	7337	3769	2190	6912	8168	862	8081	5624	3689	126	4904	1774	5144	3174	8645	5873
TRANSFERASE_ACTIVITY_TRANSFERRING_SULFUR_CONTAINING_GROUPS	2657	7019	6819	7333	5092	3331	4225	10293	969	9177	6886	3541	2372
GLYCOSAMINOGLYCAN_BINDING	3514	9261	2462	4789	6206	2256	128	2566	5981	2439	6638
PHOSPHATASE_BINDING	244	809	1026	4995	9278	2923	8774	2759	4710
CARBOXYLIC_ACID_TRANSMEMBRANE_TRANSPORTER_ACTIVITY	339	2367	5554	5090	2163	2689	1853	7875	2683	41	1633	7515	5221	3753	5302	1694	1672
NICOTINIC_ACETYLCHOLINE_ACTIVATED_CATION_SELECTIVE_CHANNEL_ACTIVITY	3047	911
PHOSPHATASE_REGULATOR_ACTIVITY	4808	448	6478	1122	6317	9278	7965	2668	2850	1880	9422	6606	2923	585	662	2428	5474	2922	1103
CALMODULIN_BINDING	3700	2285	8446	7193	4593	5538	1276	5483	1142	4792	2763	4839	1148
GLUTATHIONE_TRANSFERASE_ACTIVITY	3973	9135	6776	1431
TRANSMEMBRANE_TRANSPORTER_ACTIVITY	3743	2577	2828	2952	8908	5837	5479	8643	466	6106	4767	673	7289	781	711	471	217	8105	2511	5116	5533	6369	3182	617	7816	7256	12	3047	911	6915	2586	84	6482	206	3730	3723	7592	4139	2693	3736	7441	339	6486	6498	6355	4329	5301	1256	5305	2731	442	6707	7819	1277	4110	8091	18	7085	4803	2457	7825	2113	4063	963	2894	1588	6011	2002	2367	5083	2281	538	2489	4661	5554	5090	2163	2973	2822	2689	1853	4891	6759	1110	7875	2129	2683	41	1633	3337	7515	5348	46	2442	7305	2812	485	1747	5003	6290	1596	2838	3063	5685	8940	6691	4419	5221	687	3603	6331	907	8706	4375	3753	5302	1694	1672	1137	8689	581	989	1280	5163	9789	4955	8442	8229	138	7231
PYROPHOSPHATASE_ACTIVITY	3743	2828	2952	8908	5837	4855	3986	6735	28	6401	1520	1464	3038	3143	8252	7409	466	6106	4767	673	7289	781	711	471	217	8105	2511	5116	5533	6369	3182	8673	7053	5600	708	5470	7222	6902	2328	6549	1343	1079	541	6427	7278	9318	4189	4607	628	4128	2008	1069	6582	3579	2162	3692	4669	1444	8513	6080	389	4329	5018	1081	5057	2989	491	2545	554	5590	1068	3538	870	7116	10229	1703	7120	2069	8170	4610	434	1226	2703	7903	3899	1381	1205	1276	1955	8389	6348	2432	6404	8729	3523	1339	4575	7717	2923	1453	184	1056	1421	8044	4372	3246	678	5701	1764	2348	1891	4921	2319	2150	7389	9431	810	4183	3542	6878	410	8520	219	3822	2735	3316	6008	38	3909	1989	627	4869	5552	7488	2785	3437	3948	384	7401	7887	7996	7992	8877	4403	9789	3780	2500	2775	45	6374	2939	3274	885	8399
THYROID_HORMONE_RECEPTOR_BINDING	7084	3360	2127	7680	7361	120	6322	4167	8683	6415	9088	429	5468	2097
CYTOKINE_BINDING	4897	4833	4709	5773	268	5775	2245	10269	4315	5102	6770	1588	5703	616
HYDROLASE_ACTIVITY_ACTING_ON_CARBON_NITROGEN_NOT_PEPTIDEBONDSIN_LINEAR_AMIDES	10292	327	5974	2686	2736	1409	6124	8427	7058	1219	5089	660
SERINE_TYPE_ENDOPEPTIDASE_ACTIVITY	6230	8570	3737	4592	2632	6656	3114	1005	4239
TRANSLATION_INITIATION_FACTOR_ACTIVITY	3055	4953	2310	2956	706	2614	4966	1206	3957	3404	3692	1953	7960	1386	1765	1742	5650	512	2588	2244	1995	3848
TRANSITION_METAL_ION_TRANSMEMBRANE_TRANSPORTER_ACTIVITY	7256	6355	2281	1747	5003	4419
NUCLEASE_ACTIVITY	9261	1462	4269	4392	5826	1445	194	6682	1884	7390	4039	7285	3684	815	6750	3667	3586	864	10081	552	2526	8502	1759	1838	7111	2850	2487	2491	7133	819	6845	7075	1813	5195	5397	3299	4665	9187	6382	1100
SECRETIN_LIKE_RECEPTOR_ACTIVITY	3088
RIBONUCLEOPROTEIN_BINDING	4953	3027	1018	3106	1886	4850	7863	1844
ATPASE_ACTIVITY_COUPLED_TO_MOVEMENT_OF_SUBSTANCES	3743	2828	2952	8908	5837	466	6106	4767	673	7289	781	711	471	217	8105	2511	5116	5533	6369	3182	4329	219	9789
GENERAL_RNA_POLYMERASE_II_TRANSCRIPTION_FACTOR_ACTIVITY	2322	4355	3355	8269	2269	857	3360	2127	7680	3286	120	1833	6322	4167	5573	547	3017	8572	1684	3681	1956	7598	1001	2426	8231	429
TRANSFERASE_ACTIVITY_TRANSFERRING_GROUPS_OTHER_THAN_AMINO_ACYL_GROUPS	796	3228	6869	2236	8968	55	58	8020	505	2019	2218	1396	2783	3342	997	4364	3565	4516	5451	1368	1723	4208	959	5629	7027	3234	5307	3640	768	460	1138	909	5096	5204	1993	8187
DNA_BINDING	2095	4417	1990	7124	743	1462	4269	2847	396	288	4813	3188	6039	3540	2864	5601	5592	3217	2521	275	7053	175	1952	8514	635	2250	5303	2306	2679	4971	6094	7222	6902	2328	6291	6872	8714	2867	5063	55	2302	115	487	1659	5517	6686	4011	5756	2685	194	6682	1884	2962	7382	1537	2396	8952	2019	3032	3023	3451	4027	3958	788	1396	7390	4039	10310	4469	7285	1975	6750	7942	4676	6974	2891	7984	6018	5510	4817	92	2031	1982	5824	2613	5537	7692	2736	8427	2541	4914	6312	1442	1325	151	725	4299	5272	8345	6242	279	8974	4097	3140	5442	5420	8035	254	1044	6134	3875	683	8097	5939	4838	3602	6755	9221	7524	3090	6174	4753	5341	5530	2900	2868	4863	4459	1874	50	7288	4756	1304	3667	3397	4683	3959	724	3586	763	5860	6518	6813	824	695	1682	1226	2703	5184	3524	8301	482	2979	1492	4262	1749	1002	1653	3739	950	2702	403	5145	6353	2188	839	1030	9	3040	590	156	3695	6950	7511	2497	552	1795	684	2526	6952	4861	1630	95	6851	457	5607	968	2461	2418	1400	2771	4575	7765	2878	3408	545	3133	1574	511	7487	411	366	3545	4776	5374	1597	6306	8038	5065	7631	2917	2491	410	2300	2110	7801	8059	8520	6499	4526	27	36	5446	6713	456	5782	7175	1805	9237	4140	3909	3798	1075	904	2789	3170	526	8778	2849	1969	1105	5785	229	8149	5883	7836	7013	149	373	1595	3346	7373	6563	4684	3507	689	1825	6347	6418	7292	1701	5777	3292	8072	4132	742	5220	2640	6762	3441	7238	6553	2483	9113	2179	5617	5164	8572	5204	4125	5977	3052	4300	4620	1511	4498	5132	3861	6547	2081	1071	1149	8625	7508	3430	1197	8754	3780	8552	4665	3268	9187	3060	9872	3690	5680	780	2898	5457	301	1898	4700	990	8670	6382	1348	4255	5512	5391	885	8399	583	3485	1458	2772	9957	8933	8133	7604	5190	4609	5403	66	6363	7593	7281	5095	5055	6184	8398	3385	8394	2663	6638	8936	1704	4242	8156	6483	7080	6432	6396	7646	75	7047	6370	8188	3266	798	5141	1908	3847	1045
UBIQUITIN_PROTEIN_LIGASE_ACTIVITY	5801	6251	4671	7436	427	1109	243	1119	2250	1222	4011	8762	389	6588	2252	1351	2927	1044	7098	4113	103	4305	1697	7342	2500	7337	3769	2190	6912	8168	862	8081	5624	3689	126	4904	1774	5144	3174	8645	5873
GALACTOSYLTRANSFERASE_ACTIVITY	1028	5757	3079	5735	2870	269	1967	7303
CYCLASE_ACTIVITY	3069	501	4361
SINGLE_STRANDED_RNA_BINDING	3300	4669	5420	702	5355	1157	2699	3527
GUANYL_NUCLEOTIDE_EXCHANGE_FACTOR_ACTIVITY	23	1842	833	3872	2746	6204	4009	2310	2956	706	2614	4966	1612	5039	3474	7687	2059	1731	2257	7245	2208	4182	5765	2106	4175	7683	3592	2690	5603
ION_TRANSMEMBRANE_TRANSPORTER_ACTIVITY	2577	5479	8643	6106	4767	673	7289	781	711	471	217	8105	2511	5116	5533	6369	3182	617	7816	7256	12	3047	911	2586	84	6482	206	3730	3723	7592	4139	2693	3736	7441	6486	6498	6355	4329	5301	1256	5305	2731	442	6707	7819	1277	4110	8091	18	2457	7825	2113	4063	963	2894	1588	6011	5083	2281	538	2489	2973	4891	6759	2129	1747	5003	6691	4419	6331	907	8706	4375	3753	1137	8689	581	989	1280	5163	4955	8442	8229	138	7231
PHOSPHOLIPID_TRANSPORTER_ACTIVITY	6352	5837	466	1721	4635	7277	2263	8265
LOW_DENSITY_LIPOPROTEIN_BINDING	6281	681
HORMONE_RECEPTOR_BINDING	8855	4299	7084	3360	2127	7680	7361	120	6322	4167	5540	8683	7703	6415	9088	5573	1505	1056	939	4386	429	5468	3537	2097
CYTOKINE_ACTIVITY	3328	5711	2003	6330	9363	6163	6275	2447	2490	10136	4995	7099	4324	8019	8644	2439	4017
ATP_BINDING	3743	8507	2577	2952	8908	293	1262	6369	3182	1722	2051	4859	12	7119	8446	5218	4607	1818	3484	2956	4669	307	916	6232	2386	5281	8536	1797	6701	713	183	748	1026	4664	887	1296	1226	2703	1381	1276	864	1052	1181	10081	4851	4412	7164	7226	968	3523	1600	4575	4285	2923	4749	6133	6729	410	315	395	5984	1454	1036	2516	6170	1248	4074	2858	6297	930	1762	2381	9057	1497	8674	4239	4665	1083	7201	752	10379	3862	488	6368	3442
METALLOENDOPEPTIDASE_ACTIVITY	4967	2975	176	1664	2073	6419	7230	8587	7086
ISOMERASE_ACTIVITY	7110	1307	2356	5098	1120	4427	5823	2493	1431	609	5858	7594	5035	8076	6570	565	4868	896	188	1404	4599	983	2288	8754	3780	2335
GROWTH_FACTOR_ACTIVITY	6275	283	2490	6988	4324
MAP_KINASE_KINASE_KINASE_ACTIVITY	3697	7200	772	8757	1012	8536	4081
CASPASE_REGULATOR_ACTIVITY	1131	1873	4483	8536	1946	5007	6980
EXTRACELLULAR_MATRIX_STRUCTURAL_CONSTITUENT	7134	6126
ANTIOXIDANT_ACTIVITY	3084	6611	1784	1431	6667	3175	8654	7983
ENDONUCLEASE_ACTIVITY_GO_0016893	1462	4392	1445	7285	6750	1759	1838	7111	5195	5397	3299
TRANSCRIPTION_COFACTOR_ACTIVITY	2265	1462	4813	2696	6039	6823	2864	3217	4748	7895	2455	1840	181	4681	3055	2867	55	4772	487	1659	7354	2825	7382	4065	1537	6806	3160	2019	5752	788	1396	1903	5510	5824	3355	7128	4914	532	1325	4299	9753	254	2215	2807	3435	5466	5389	7014	2900	2868	8701	5921	3397	4683	6813	7361	5425	2399	120	1833	5877	6322	4167	3956	5577	3969	8145	5540	695	8301	482	3226	2979	1749	8683	4623	8414	950	403	6353	839	1800	5910	590	3213	7743	7511	7703	6415	7507	6480	4736	3193	1073	7042	5895	2270	5573	1809	1597	1505	6444	1056	10066	1805	3906	193	8149	8860	6140	5282	6243	6700	7770	4215	908	3507	7211	4513	588	2140	939	768	8508	1437	1923	909	2483	2064	3681	7598	1001	273	2507	1149	6046	8625	2534	7508	4942	1522	3155	3690	1461	720	8388	780	5457	208	1458	5190	66	3134	8433	7047	1908
INOSITOL_OR_PHOSPHATIDYLINOSITOL_KINASE_ACTIVITY	5232	6355	3473	4344	4857	5541	10195	4806	168	863	3095	412	1919	1890	2820	4690	5660
